0 0 6
1 0 8
2 0 6
3 0 7
4 0 5
5 0 5
6 0 7
7 0 6
0 1 7
1 1 7
2 1 6
3 1 7
4 1 5
5 1 7
6 1 6
7 1 6
0 2 4
1 2 7
2 2 5
3 2 7
4 2 6
5 2 7
6 2 5
7 2 6
0 3 4
1 3 5
2 3 3
3 3 8
4 3 5
5 3 7
6 3 5
7 3 5
0 4 4
1 4 4
2 4 3
3 4 9
4 4 5
5 4 7
6 4 4
7 4 5
0 5 4
1 5 7
2 5 4
3 5 10
4 5 6
5 5 7
6 5 4
7 5 3
0 6 0
1 6 6
2 6 0
3 6 9
4 6 6
5 6 7
6 6 0
7 6 4
0 7 0
1 7 7
2 7 0
3 7 10
4 7 7
5 7 8
6 7 0
7 7 4
0 8 3
1 8 7
2 8 0
3 8 10
4 8 5
5 8 8
6 8 0
7 8 5
0 9 3
1 9 6
2 9 3
3 9 9
4 9 5
5 9 7
6 9 0
7 9 4
0 10 3
1 10 5
2 10 0
3 10 10
4 10 4
5 10 7
6 10 0
7 10 3
0 11 3
1 11 5
2 11 3
3 11 9
4 11 5
5 11 8
6 11 0
7 11 0
0 12 3
1 12 6
2 12 0
3 12 11
4 12 3
5 12 7
6 12 0
7 12 0
0 13 0
1 13 4
2 13 3
3 13 10
4 13 3
5 13 7
6 13 4
7 13 0
0 14 0
1 14 4
2 14 0
3 14 10
4 14 7
5 14 6
6 14 4
7 14 5
0 15 0
1 15 8
2 15 0
3 15 10
4 15 8
5 15 8
6 15 3
7 15 6
0 16 3
1 16 5
2 16 3
3 16 8
4 16 5
5 16 5
6 16 5
7 16 6
0 17 3
1 17 7
2 17 3
3 17 8
4 17 5
5 17 6
6 17 6
7 17 6
0 18 3
1 18 6
2 18 3
3 18 7
4 18 7
5 18 5
6 18 7
7 18 6
0 19 5
1 19 6
2 19 4
3 19 7
4 19 5
5 19 7
6 19 4
7 19 6
0 20 4
1 20 8
2 20 4
3 20 6
4 20 6
5 20 6
6 20 3
7 20 6
0 21 4
1 21 7
2 21 5
3 21 7
4 21 4
5 21 7
6 21 4
7 21 4
0 22 5
1 22 6
2 22 3
3 22 6
4 22 7
5 22 7
6 22 0
7 22 6
0 23 5
1 23 5
2 23 3
3 23 9
4 23 5
5 23 7
6 23 0
7 23 7
0 24 3
1 24 4
2 24 3
3 24 10
4 24 3
5 24 8
6 24 3
7 24 6
0 25 4
1 25 4
2 25 4
3 25 10
4 25 3
5 25 4
6 25 3
7 25 4
0 26 3
1 26 3
2 26 5
3 26 9
4 26 3
5 26 7
6 26 3
7 26 6
0 27 4
1 27 5
2 27 4
3 27 9
4 27 0
5 27 5
6 27 3
7 27 6
0 28 3
1 28 3
2 28 5
3 28 9
4 28 0
5 28 6
6 28 4
7 28 4
0 29 5
1 29 4
2 29 4
3 29 9
4 29 3
5 29 7
6 29 0
7 29 4
0 30 3
1 30 5
2 30 6
3 30 9
4 30 3
5 30 7
6 30 3
7 30 6
0 31 4
1 31 3
2 31 7
3 31 10
4 31 0
5 31 7
6 31 3
7 31 4
0 32 3
1 32 3
2 32 4
3 32 9
4 32 0
5 32 5
6 32 3
7 32 6
0 33 3
1 33 3
2 33 4
3 33 10
4 33 0
5 33 4
6 33 4
7 33 6
0 34 3
1 34 4
2 34 3
3 34 9
4 34 3
5 34 7
6 34 4
7 34 7
0 35 5
1 35 5
2 35 4
3 35 9
4 35 5
5 35 7
6 35 5
7 35 7
0 36 3
1 36 6
2 36 4
3 36 10
4 36 5
5 36 7
6 36 7
7 36 7
0 37 5
1 37 5
2 37 6
3 37 10
4 37 6
5 37 7
6 37 7
7 37 8
0 38 5
1 38 6
2 38 5
3 38 9
4 38 6
5 38 7
6 38 8
7 38 6
0 39 6
1 39 6
2 39 7
3 39 8
4 39 7
5 39 9
6 39 7
7 39 6
0 40 8
1 40 5
2 40 7
3 40 9
4 40 4
5 40 7
6 40 6
7 40 7
0 41 8
1 41 7
2 41 7
3 41 9
4 41 6
5 41 7
6 41 7
7 41 7
0 42 5
1 42 6
2 42 6
3 42 9
4 42 6
5 42 7
6 42 7
7 42 7
0 43 5
1 43 5
2 43 5
3 43 9
4 43 3
5 43 7
6 43 7
7 43 7
0 44 3
1 44 7
2 44 4
3 44 9
4 44 3
5 44 7
6 44 5
7 44 5
0 45 4
1 45 6
2 45 4
3 45 10
4 45 4
5 45 7
6 45 4
7 45 5
0 46 3
1 46 6
2 46 3
3 46 10
4 46 5
5 46 7
6 46 3
7 46 4
0 47 5
1 47 3
2 47 4
3 47 10
4 47 6
5 47 7
6 47 0
7 47 6
0 48 0
1 48 6
2 48 3
3 48 10
4 48 5
5 48 7
6 48 0
7 48 5
0 49 4
1 49 4
2 49 4
3 49 10
4 49 3
5 49 7
6 49 0
7 49 3
0 50 3
1 50 4
2 50 3
3 50 10
4 50 4
5 50 6
6 50 0
7 50 5
0 51 4
1 51 5
2 51 4
3 51 10
4 51 6
5 51 8
6 51 0
7 51 0
0 52 0
1 52 6
2 52 3
3 52 11
4 52 5
5 52 7
6 52 0
7 52 0
0 53 0
1 53 5
2 53 0
3 53 11
4 53 6
5 53 8
6 53 0
7 53 0
0 54 0
1 54 5
2 54 0
3 54 10
4 54 6
5 54 7
6 54 3
7 54 0
0 55 0
1 55 5
2 55 0
3 55 9
4 55 5
5 55 6
6 55 5
7 55 0
0 56 0
1 56 5
2 56 0
3 56 9
4 56 4
5 56 5
6 56 4
7 56 4
0 57 0
1 57 4
2 57 0
3 57 10
4 57 6
5 57 6
6 57 5
7 57 4
0 58 3
1 58 4
2 58 3
3 58 8
4 58 7
5 58 7
6 58 6
7 58 5
0 59 4
1 59 5
2 59 3
3 59 7
4 59 7
5 59 7
6 59 4
7 59 5
0 60 3
1 60 7
2 60 3
3 60 6
4 60 7
5 60 7
6 60 4
7 60 8
0 61 3
1 61 7
2 61 5
3 61 5
4 61 6
5 61 6
6 61 6
7 61 5
0 62 4
1 62 7
2 62 5
3 62 6
4 62 6
5 62 5
6 62 4
7 62 5
0 63 6
1 63 7
2 63 5
3 63 6
4 63 6
5 63 6
6 63 4
7 63 6
0 64 5
1 64 5
2 64 4
3 64 10
4 64 5
5 64 7
6 64 3
7 64 6
0 65 4
1 65 5
2 65 5
3 65 9
4 65 3
5 65 6
6 65 3
7 65 5
0 66 3
1 66 4
2 66 4
3 66 10
4 66 0
5 66 4
6 66 3
7 66 6
0 67 4
1 67 5
2 67 5
3 67 9
4 67 0
5 67 6
6 67 4
7 67 4
0 68 4
1 68 5
2 68 4
3 68 9
4 68 0
5 68 5
6 68 3
7 68 6
0 69 6
1 69 4
2 69 4
3 69 9
4 69 3
5 69 7
6 69 3
7 69 4
0 70 4
1 70 4
2 70 3
3 70 11
4 70 3
5 70 5
6 70 3
7 70 6
0 71 4
1 71 3
2 71 4
3 71 11
4 71 0
5 71 7
6 71 3
7 71 5
0 72 3
1 72 4
2 72 3
3 72 11
4 72 0
5 72 6
6 72 3
7 72 5
0 73 4
1 73 4
2 73 4
3 73 11
4 73 5
5 73 6
6 73 5
7 73 6
0 74 3
1 74 4
2 74 4
3 74 10
4 74 5
5 74 5
6 74 5
7 74 5
0 75 4
1 75 3
2 75 4
3 75 10
4 75 5
5 75 6
6 75 4
7 75 6
0 76 4
1 76 3
2 76 4
3 76 10
4 76 6
5 76 7
6 76 5
7 76 7
0 77 4
1 77 6
2 77 5
3 77 10
4 77 6
5 77 7
6 77 7
7 77 7
0 78 5
1 78 7
2 78 5
3 78 9
4 78 6
5 78 7
6 78 7
7 78 7
0 79 6
1 79 4
2 79 7
3 79 9
4 79 3
5 79 6
6 79 7
7 79 7
0 80 8
1 80 6
2 80 5
3 80 9
4 80 3
5 80 7
6 80 6
7 80 7
0 81 8
1 81 7
2 81 5
3 81 9
4 81 3
5 81 6
6 81 5
7 81 5
0 82 7
1 82 5
2 82 6
3 82 9
4 82 5
5 82 7
6 82 5
7 82 7
0 83 4
1 83 5
2 83 4
3 83 8
4 83 5
5 83 7
6 83 5
7 83 7
0 84 3
1 84 7
2 84 4
3 84 8
4 84 5
5 84 7
6 84 5
7 84 7
0 85 4
1 85 6
2 85 5
3 85 7
4 85 6
5 85 7
6 85 7
7 85 7
0 86 3
1 86 6
2 86 3
3 86 9
4 86 6
5 86 7
6 86 5
7 86 5
0 87 6
1 87 6
2 87 6
3 87 9
4 87 5
5 87 7
6 87 6
7 87 5
0 88 3
1 88 5
2 88 4
3 88 10
4 88 4
5 88 7
6 88 0
7 88 4
0 89 4
1 89 7
2 89 3
3 89 10
4 89 5
5 89 7
6 89 0
7 89 3
0 90 0
1 90 7
2 90 3
3 90 10
4 90 5
5 90 6
6 90 0
7 90 4
0 91 3
1 91 7
2 91 3
3 91 9
4 91 6
5 91 8
6 91 0
7 91 3
0 92 3
1 92 5
2 92 3
3 92 10
4 92 4
5 92 5
6 92 0
7 92 3
0 93 0
1 93 6
2 93 0
3 93 10
4 93 4
5 93 7
6 93 0
7 93 3
0 94 0
1 94 5
2 94 3
3 94 11
4 94 5
5 94 8
6 94 0
7 94 0
0 95 0
1 95 5
2 95 0
3 95 11
4 95 7
5 95 7
6 95 0
7 95 0
0 96 0
1 96 6
2 96 0
3 96 11
4 96 6
5 96 6
6 96 3
7 96 4
0 97 0
1 97 5
2 97 0
3 97 8
4 97 8
5 97 7
6 97 4
7 97 4
0 98 3
1 98 8
2 98 3
3 98 8
4 98 6
5 98 7
6 98 6
7 98 6
0 99 3
1 99 8
2 99 0
3 99 7
4 99 6
5 99 8
6 99 6
7 99 7
0 100 4
1 100 6
2 100 4
3 100 6
4 100 7
5 100 5
6 100 6
7 100 6
0 101 5
1 101 7
2 101 6
3 101 6
4 101 7
5 101 7
6 101 4
7 101 5
0 102 5
1 102 8
2 102 5
3 102 6
4 102 8
5 102 7
6 102 4
7 102 6
0 103 5
1 103 8
2 103 5
3 103 6
4 103 7
5 103 7
6 103 5
7 103 5
0 104 6
1 104 7
2 104 5
3 104 7
4 104 5
5 104 8
6 104 3
7 104 6
0 105 6
1 105 8
2 105 5
3 105 8
4 105 5
5 105 5
6 105 4
7 105 7
0 106 3
1 106 7
2 106 4
3 106 9
4 106 4
5 106 5
6 106 3
7 106 6
0 107 4
1 107 5
2 107 4
3 107 9
4 107 3
5 107 4
6 107 3
7 107 5
0 108 3
1 108 5
2 108 3
3 108 9
4 108 0
5 108 8
6 108 3
7 108 5
0 109 4
1 109 4
2 109 4
3 109 9
4 109 0
5 109 9
6 109 4
7 109 5
0 110 3
1 110 3
2 110 3
3 110 10
4 110 3
5 110 7
6 110 3
7 110 5
0 111 4
1 111 3
2 111 5
3 111 10
4 111 0
5 111 7
6 111 4
7 111 4
0 112 3
1 112 0
2 112 3
3 112 10
4 112 3
5 112 3
6 112 3
7 112 5
0 113 4
1 113 0
2 113 4
3 113 11
4 113 3
5 113 4
6 113 3
7 113 5
0 114 3
1 114 3
2 114 3
3 114 11
4 114 0
5 114 5
6 114 0
7 114 6
0 115 3
1 115 3
2 115 4
3 115 10
4 115 0
5 115 4
6 115 3
7 115 4
0 116 3
1 116 3
2 116 4
3 116 10
4 116 3
5 116 6
6 116 3
7 116 7
0 117 4
1 117 4
2 117 4
3 117 9
4 117 3
5 117 7
6 117 4
7 117 7
0 118 3
1 118 5
2 118 4
3 118 10
4 118 6
5 118 7
6 118 8
7 118 7
0 119 0
1 119 6
2 119 5
3 119 10
4 119 3
5 119 7
6 119 8
7 119 8
0 120 5
1 120 6
2 120 5
3 120 10
4 120 5
5 120 7
6 120 8
7 120 7
0 121 8
1 121 6
2 121 7
3 121 9
4 121 5
5 121 6
6 121 7
7 121 7
0 122 8
1 122 6
2 122 5
3 122 8
4 122 6
5 122 6
6 122 6
7 122 7
0 123 7
1 123 3
2 123 6
3 123 8
4 123 3
5 123 5
6 123 7
7 123 7
0 124 6
1 124 6
2 124 5
3 124 7
4 124 5
5 124 7
6 124 7
7 124 6
0 125 4
1 125 5
2 125 6
3 125 7
4 125 5
5 125 7
6 125 8
7 125 6
0 126 6
1 126 6
2 126 5
3 126 6
4 126 5
5 126 7
6 126 6
7 126 6
0 127 7
1 127 5
2 127 6
3 127 7
4 127 4
5 127 7
6 127 5
7 127 5
0 128 5
1 128 7
2 128 5
3 128 7
4 128 5
5 128 8
6 128 4
7 128 4
0 129 5
1 129 6
2 129 5
3 129 7
4 129 4
5 129 8
6 129 4
7 129 4
0 130 3
1 130 7
2 130 4
3 130 9
4 130 5
5 130 7
6 130 0
7 130 3
0 131 4
1 131 7
2 131 3
3 131 10
4 131 6
5 131 8
6 131 0
7 131 5
0 132 3
1 132 3
2 132 3
3 132 10
4 132 3
5 132 6
6 132 0
7 132 5
0 133 3
1 133 7
2 133 3
3 133 10
4 133 4
5 133 5
6 133 0
7 133 0
0 134 3
1 134 6
2 134 3
3 134 11
4 134 3
5 134 4
6 134 0
7 134 0
0 135 3
1 135 3
2 135 4
3 135 11
4 135 4
5 135 4
6 135 4
7 135 0
0 136 0
1 136 4
2 136 3
3 136 11
4 136 4
5 136 6
6 136 3
7 136 0
0 137 0
1 137 3
2 137 0
3 137 11
4 137 4
5 137 5
6 137 3
7 137 5
0 138 3
1 138 3
2 138 3
3 138 10
4 138 6
5 138 6
6 138 3
7 138 5
0 139 4
1 139 3
2 139 0
3 139 10
4 139 6
5 139 8
6 139 5
7 139 4
0 140 3
1 140 5
2 140 4
3 140 10
4 140 7
5 140 6
6 140 4
7 140 6
0 141 4
1 141 6
2 141 4
3 141 9
4 141 6
5 141 7
6 141 5
7 141 5
0 142 6
1 142 6
2 142 3
3 142 9
4 142 7
5 142 7
6 142 4
7 142 6
0 143 6
1 143 6
2 143 4
3 143 8
4 143 6
5 143 7
6 143 4
7 143 6
0 144 5
1 144 7
2 144 4
3 144 7
4 144 6
5 144 7
6 144 3
7 144 6
0 145 5
1 145 5
2 145 5
3 145 8
4 145 4
5 145 5
6 145 4
7 145 6
0 146 4
1 146 6
2 146 4
3 146 10
4 146 4
5 146 4
6 146 4
7 146 7
0 147 5
1 147 5
2 147 4
3 147 10
4 147 4
5 147 5
6 147 3
7 147 5
0 148 3
1 148 5
2 148 3
3 148 10
4 148 0
5 148 4
6 148 3
7 148 6
0 149 4
1 149 3
2 149 4
3 149 10
4 149 0
5 149 6
6 149 3
7 149 4
0 150 3
1 150 3
2 150 3
3 150 11
4 150 0
5 150 5
6 150 3
7 150 4
0 151 4
1 151 0
2 151 4
3 151 11
4 151 0
5 151 6
6 151 3
7 151 3
0 152 3
1 152 3
2 152 4
3 152 11
4 152 3
5 152 5
6 152 4
7 152 7
0 153 3
1 153 3
2 153 4
3 153 11
4 153 0
5 153 6
6 153 3
7 153 4
0 154 4
1 154 5
2 154 3
3 154 11
4 154 0
5 154 7
6 154 3
7 154 6
0 155 3
1 155 4
2 155 4
3 155 10
4 155 3
5 155 6
6 155 3
7 155 5
0 156 3
1 156 5
2 156 4
3 156 10
4 156 3
5 156 4
6 156 0
7 156 3
0 157 3
1 157 3
2 157 5
3 157 10
4 157 4
5 157 6
6 157 4
7 157 4
0 158 3
1 158 5
2 158 4
3 158 10
4 158 4
5 158 4
6 158 4
7 158 7
0 159 3
1 159 4
2 159 4
3 159 9
4 159 4
5 159 6
6 159 6
7 159 6
0 160 3
1 160 5
2 160 5
3 160 9
4 160 7
5 160 8
6 160 6
7 160 8
0 161 5
1 161 8
2 161 4
3 161 9
4 161 6
5 161 8
6 161 8
7 161 7
0 162 6
1 162 9
2 162 5
3 162 9
4 162 7
5 162 8
6 162 7
7 162 6
0 163 6
1 163 8
2 163 6
3 163 8
4 163 8
5 163 8
6 163 8
7 163 7
0 164 7
1 164 7
2 164 3
3 164 8
4 164 5
5 164 7
6 164 6
7 164 7
0 165 4
1 165 5
2 165 4
3 165 7
4 165 5
5 165 7
6 165 5
7 165 5
0 166 3
1 166 7
2 166 4
3 166 7
4 166 5
5 166 7
6 166 5
7 166 7
0 167 4
1 167 7
2 167 5
3 167 6
4 167 4
5 167 7
6 167 5
7 167 7
0 168 5
1 168 7
2 168 3
3 168 7
4 168 6
5 168 7
6 168 5
7 168 6
0 169 4
1 169 7
2 169 5
3 169 7
4 169 4
5 169 7
6 169 5
7 169 4
0 170 3
1 170 6
2 170 3
3 170 10
4 170 5
5 170 7
6 170 0
7 170 5
0 171 6
1 171 7
2 171 5
3 171 10
4 171 4
5 171 8
6 171 0
7 171 4
0 172 0
1 172 7
2 172 3
3 172 10
4 172 3
5 172 8
6 172 0
7 172 4
0 173 4
1 173 6
2 173 4
3 173 9
4 173 4
5 173 7
6 173 0
7 173 5
0 174 3
1 174 3
2 174 3
3 174 10
4 174 4
5 174 6
6 174 0
7 174 0
0 175 3
1 175 4
2 175 3
3 175 9
4 175 4
5 175 6
6 175 0
7 175 0
0 176 0
1 176 5
2 176 3
3 176 11
4 176 4
5 176 8
6 176 0
7 176 3
0 177 0
1 177 6
2 177 0
3 177 11
4 177 5
5 177 6
6 177 0
7 177 0
0 178 0
1 178 5
2 178 0
3 178 10
4 178 5
5 178 9
6 178 3
7 178 3
0 179 0
1 179 5
2 179 0
3 179 8
4 179 5
5 179 6
6 179 3
7 179 3
0 180 0
1 180 7
2 180 3
3 180 8
4 180 5
5 180 6
6 180 3
7 180 5
0 181 0
1 181 5
2 181 0
3 181 7
4 181 5
5 181 6
6 181 0
7 181 5
0 182 0
1 182 6
2 182 4
3 182 7
4 182 6
5 182 5
6 182 4
7 182 8
0 183 0
1 183 5
2 183 3
3 183 7
4 183 6
5 183 6
6 183 6
7 183 5
0 184 5
1 184 5
2 184 4
3 184 6
4 184 7
5 184 8
6 184 4
7 184 6
0 185 5
1 185 6
2 185 5
3 185 6
4 185 6
5 185 5
6 185 5
7 185 5
0 186 5
1 186 5
2 186 4
3 186 6
4 186 5
5 186 7
6 186 4
7 186 7
0 187 5
1 187 4
2 187 4
3 187 8
4 187 5
5 187 5
6 187 3
7 187 7
0 188 0
1 188 5
2 188 3
3 188 9
4 188 4
5 188 7
6 188 3
7 188 6
0 189 4
1 189 6
2 189 4
3 189 9
4 189 3
5 189 6
6 189 3
7 189 4
0 190 3
1 190 4
2 190 3
3 190 9
4 190 0
5 190 4
6 190 3
7 190 6
0 191 4
1 191 3
2 191 6
3 191 10
4 191 4
5 191 6
6 191 4
7 191 3
0 192 3
1 192 3
2 192 3
3 192 10
4 192 4
5 192 6
6 192 4
7 192 5
0 193 4
1 193 3
2 193 4
3 193 10
4 193 3
5 193 7
6 193 3
7 193 5
0 194 3
1 194 3
2 194 3
3 194 8
4 194 0
5 194 5
6 194 3
7 194 5
0 195 4
1 195 3
2 195 4
3 195 9
4 195 0
5 195 3
6 195 3
7 195 4
0 196 3
1 196 3
2 196 4
3 196 9
4 196 0
5 196 5
6 196 4
7 196 5
0 197 5
1 197 3
2 197 4
3 197 9
4 197 3
5 197 6
6 197 4
7 197 5
0 198 3
1 198 4
2 198 3
3 198 10
4 198 3
5 198 7
6 198 3
7 198 6
0 199 4
1 199 3
2 199 4
3 199 10
4 199 3
5 199 7
6 199 6
7 199 7
0 200 3
1 200 7
2 200 4
3 200 10
4 200 6
5 200 8
6 200 8
7 200 8
0 201 6
1 201 5
2 201 6
3 201 10
4 201 4
5 201 8
6 201 8
7 201 7
0 202 7
1 202 6
2 202 6
3 202 11
4 202 5
5 202 8
6 202 8
7 202 6
0 203 8
1 203 6
2 203 7
3 203 9
4 203 4
5 203 6
6 203 8
7 203 6
0 204 8
1 204 4
2 204 7
3 204 8
4 204 4
5 204 6
6 204 7
7 204 7
0 205 7
1 205 4
2 205 7
3 205 8
4 205 5
5 205 4
6 205 6
7 205 6
0 206 6
1 206 5
2 206 3
3 206 9
4 206 4
5 206 7
6 206 6
7 206 7
0 207 6
1 207 3
2 207 5
3 207 7
4 207 4
5 207 7
6 207 7
7 207 7
0 208 3
1 208 7
2 208 4
3 208 9
4 208 4
5 208 7
6 208 6
7 208 6
0 209 5
1 209 4
2 209 5
3 209 8
4 209 3
5 209 7
6 209 4
7 209 6
0 210 5
1 210 6
2 210 4
3 210 10
4 210 6
5 210 6
6 210 3
7 210 6
0 211 5
1 211 5
2 211 4
3 211 10
4 211 3
5 211 7
6 211 4
7 211 5
0 212 0
1 212 6
2 212 3
3 212 10
4 212 5
5 212 7
6 212 0
7 212 4
0 213 0
1 213 6
2 213 3
3 213 10
4 213 5
5 213 8
6 213 0
7 213 3
0 214 3
1 214 5
2 214 3
3 214 11
4 214 4
5 214 7
6 214 0
7 214 3
0 215 3
1 215 5
2 215 3
3 215 11
4 215 3
5 215 6
6 215 0
7 215 0
0 216 3
1 216 5
2 216 3
3 216 11
4 216 5
5 216 7
6 216 0
7 216 3
0 217 3
1 217 4
2 217 3
3 217 11
4 217 4
5 217 9
6 217 0
7 217 4
0 218 0
1 218 4
2 218 0
3 218 11
4 218 6
5 218 8
6 218 0
7 218 3
0 219 0
1 219 5
2 219 0
3 219 11
4 219 6
5 219 8
6 219 0
7 219 3
0 220 0
1 220 6
2 220 0
3 220 9
4 220 5
5 220 6
6 220 3
7 220 4
0 221 0
1 221 4
2 221 0
3 221 8
4 221 4
5 221 6
6 221 5
7 221 4
0 222 3
1 222 7
2 222 3
3 222 8
4 222 5
5 222 7
6 222 6
7 222 6
0 223 5
1 223 7
2 223 4
3 223 8
4 223 6
5 223 7
6 223 5
7 223 6
0 224 4
1 224 7
2 224 5
3 224 9
4 224 8
5 224 8
6 224 6
7 224 6
0 225 5
1 225 7
2 225 4
3 225 6
4 225 6
5 225 7
6 225 5
7 225 6
0 226 6
1 226 6
2 226 5
3 226 6
4 226 7
5 226 7
6 226 5
7 226 5
0 227 4
1 227 7
2 227 6
3 227 8
4 227 5
5 227 7
6 227 4
7 227 5
0 228 5
1 228 5
2 228 4
3 228 10
4 228 4
5 228 4
6 228 3
7 228 6
0 229 5
1 229 5
2 229 6
3 229 9
4 229 3
5 229 5
6 229 3
7 229 4
0 230 4
1 230 4
2 230 3
3 230 9
4 230 3
5 230 5
6 230 3
7 230 5
0 231 4
1 231 6
2 231 4
3 231 9
4 231 0
5 231 5
6 231 3
7 231 4
0 232 3
1 232 5
2 232 3
3 232 9
4 232 0
5 232 4
6 232 0
7 232 5
0 233 4
1 233 5
2 233 5
3 233 10
4 233 0
5 233 7
6 233 3
7 233 3
0 234 3
1 234 4
2 234 3
3 234 11
4 234 3
5 234 5
6 234 0
7 234 7
0 235 3
1 235 4
2 235 3
3 235 11
4 235 3
5 235 4
6 235 3
7 235 3
0 236 3
1 236 5
2 236 3
3 236 10
4 236 4
5 236 7
6 236 3
7 236 6
0 237 3
1 237 4
2 237 3
3 237 10
4 237 4
5 237 7
6 237 3
7 237 6
0 238 3
1 238 5
2 238 4
3 238 10
4 238 3
5 238 7
6 238 0
7 238 6
0 239 3
1 239 4
2 239 3
3 239 9
4 239 6
5 239 6
6 239 4
7 239 7
0 240 3
1 240 5
2 240 5
3 240 10
4 240 4
5 240 7
6 240 6
7 240 7
0 241 4
1 241 7
2 241 6
3 241 9
4 241 3
5 241 7
6 241 6
7 241 7
0 242 5
1 242 3
2 242 6
3 242 9
4 242 5
5 242 5
6 242 7
7 242 8
0 243 6
1 243 7
2 243 5
3 243 8
4 243 4
5 243 9
6 243 7
7 243 8
0 244 7
1 244 4
2 244 5
3 244 9
4 244 4
5 244 7
6 244 7
7 244 7
0 245 7
1 245 4
2 245 6
3 245 9
4 245 6
5 245 3
6 245 6
7 245 7
0 246 7
1 246 5
2 246 4
3 246 9
4 246 4
5 246 6
6 246 7
7 246 7
0 247 6
1 247 3
2 247 6
3 247 8
4 247 3
5 247 4
6 247 7
7 247 7
0 248 5
1 248 7
2 248 5
3 248 9
4 248 6
5 248 7
6 248 6
7 248 7
0 249 4
1 249 4
2 249 6
3 249 8
4 249 3
5 249 7
6 249 7
7 249 7
0 250 4
1 250 6
2 250 5
3 250 8
4 250 4
5 250 7
6 250 4
7 250 3
0 251 5
1 251 6
2 251 6
3 251 9
4 251 6
5 251 7
6 251 4
7 251 4
0 252 4
1 252 6
2 252 0
3 252 10
4 252 7
5 252 7
6 252 0
7 252 7
0 253 4
1 253 6
2 253 4
3 253 10
4 253 7
5 253 7
6 253 0
7 253 6
0 254 0
1 254 6
2 254 3
3 254 10
4 254 4
5 254 7
6 254 0
7 254 4
0 255 0
1 255 6
2 255 3
3 255 10
4 255 4
5 255 7
6 255 0
7 255 5
0 256 3
1 256 5
2 256 4
3 256 10
4 256 3
5 256 7
6 256 0
7 256 0
0 257 4
1 257 7
2 257 4
3 257 10
4 257 4
5 257 9
6 257 0
7 257 0
0 258 3
1 258 4
2 258 3
3 258 11
4 258 7
5 258 7
6 258 4
7 258 0
0 259 0
1 259 4
2 259 0
3 259 11
4 259 7
5 259 7
6 259 5
7 259 3
0 260 0
1 260 5
2 260 0
3 260 10
4 260 8
5 260 6
6 260 4
7 260 5
0 261 3
1 261 6
2 261 3
3 261 10
4 261 6
5 261 7
6 261 5
7 261 3
0 262 3
1 262 7
2 262 3
3 262 7
4 262 7
5 262 8
6 262 6
7 262 5
0 263 5
1 263 7
2 263 3
3 263 8
4 263 5
5 263 8
6 263 5
7 263 5
0 264 5
1 264 7
2 264 4
3 264 7
4 264 8
5 264 8
6 264 6
7 264 6
0 265 6
1 265 7
2 265 5
3 265 6
4 265 6
5 265 7
6 265 7
7 265 5
0 266 6
1 266 7
2 266 5
3 266 6
4 266 7
5 266 7
6 266 6
7 266 6
0 267 5
1 267 7
2 267 5
3 267 6
4 267 8
5 267 9
6 267 4
7 267 5
0 268 8
1 268 6
2 268 5
3 268 6
4 268 8
5 268 8
6 268 5
7 268 5
0 269 5
1 269 9
2 269 5
3 269 8
4 269 5
5 269 6
6 269 3
7 269 7
0 270 4
1 270 6
2 270 3
3 270 9
4 270 7
5 270 6
6 270 0
7 270 6
0 271 4
1 271 7
2 271 4
3 271 9
4 271 4
5 271 6
6 271 4
7 271 5
0 272 3
1 272 3
2 272 3
3 272 9
4 272 3
5 272 6
6 272 3
7 272 6
0 273 4
1 273 5
2 273 4
3 273 8
4 273 3
5 273 7
6 273 3
7 273 4
0 274 3
1 274 6
2 274 4
3 274 9
4 274 3
5 274 6
6 274 3
7 274 5
0 275 4
1 275 4
2 275 4
3 275 10
4 275 0
5 275 7
6 275 4
7 275 5
0 276 3
1 276 4
2 276 4
3 276 11
4 276 0
5 276 5
6 276 3
7 276 5
0 277 4
1 277 3
2 277 4
3 277 11
4 277 0
5 277 5
6 277 3
7 277 4
0 278 3
1 278 0
2 278 3
3 278 11
4 278 0
5 278 5
6 278 0
7 278 5
0 279 4
1 279 4
2 279 4
3 279 11
4 279 3
5 279 6
6 279 5
7 279 6
0 280 3
1 280 4
2 280 3
3 280 11
4 280 0
5 280 5
6 280 3
7 280 6
0 281 4
1 281 4
2 281 4
3 281 10
4 281 3
5 281 6
6 281 5
7 281 6
0 282 3
1 282 6
2 282 4
3 282 10
4 282 6
5 282 6
6 282 6
7 282 7
0 283 4
1 283 5
2 283 5
3 283 10
4 283 4
5 283 7
6 283 8
7 283 8
0 284 5
1 284 6
2 284 6
3 284 10
4 284 8
5 284 7
6 284 8
7 284 8
0 285 8
1 285 6
2 285 7
3 285 9
4 285 6
5 285 8
6 285 8
7 285 8
0 286 7
1 286 7
2 286 4
3 286 9
4 286 9
5 286 7
6 286 8
7 286 8
0 287 8
1 287 5
2 287 6
3 287 9
4 287 6
5 287 8
6 287 7
7 287 7
0 288 8
1 288 7
2 288 7
3 288 8
4 288 6
5 288 7
6 288 7
7 288 5
0 289 8
1 289 7
2 289 5
3 289 7
4 289 6
5 289 7
6 289 7
7 289 7
0 290 4
1 290 7
2 290 4
3 290 8
4 290 5
5 290 7
6 290 6
7 290 7
0 291 5
1 291 6
2 291 7
3 291 7
4 291 4
5 291 7
6 291 7
7 291 7
0 292 4
1 292 6
2 292 6
3 292 8
4 292 5
5 292 7
6 292 3
7 292 6
0 293 5
1 293 6
2 293 6
3 293 8
4 293 4
5 293 7
6 293 4
7 293 6
0 294 4
1 294 7
2 294 4
3 294 9
4 294 6
5 294 7
6 294 0
7 294 4
0 295 3
1 295 5
2 295 5
3 295 9
4 295 5
5 295 7
6 295 0
7 295 4
0 296 4
1 296 4
2 296 4
3 296 11
4 296 3
5 296 6
6 296 0
7 296 4
0 297 4
1 297 6
2 297 4
3 297 11
4 297 3
5 297 7
6 297 0
7 297 4
0 298 3
1 298 4
2 298 3
3 298 9
4 298 3
5 298 6
6 298 0
7 298 0
0 299 3
1 299 6
2 299 0
3 299 11
4 299 3
5 299 6
6 299 0
7 299 3
0 300 3
1 300 5
2 300 0
3 300 11
4 300 5
5 300 7
6 300 0
7 300 0
0 301 0
1 301 6
2 301 0
3 301 11
4 301 4
5 301 7
6 301 0
7 301 0
0 302 0
1 302 6
2 302 0
3 302 10
4 302 4
5 302 7
6 302 0
7 302 0
0 303 0
1 303 3
2 303 0
3 303 10
4 303 4
5 303 5
6 303 3
7 303 4
0 304 0
1 304 3
2 304 0
3 304 9
4 304 4
5 304 5
6 304 4
7 304 5
0 305 0
1 305 5
2 305 0
3 305 9
4 305 7
5 305 6
6 305 5
7 305 4
0 306 3
1 306 8
2 306 4
3 306 9
4 306 7
5 306 7
6 306 3
7 306 6
0 307 5
1 307 5
2 307 4
3 307 10
4 307 6
5 307 6
6 307 4
7 307 6
0 308 4
1 308 6
2 308 4
3 308 9
4 308 6
5 308 4
6 308 3
7 308 6
0 309 5
1 309 6
2 309 4
3 309 10
4 309 4
5 309 6
6 309 3
7 309 5
0 310 3
1 310 3
2 310 3
3 310 10
4 310 3
5 310 5
6 310 0
7 310 7
0 311 5
1 311 3
2 311 5
3 311 9
4 311 0
5 311 6
6 311 3
7 311 5
0 312 4
1 312 5
2 312 4
3 312 10
4 312 0
5 312 6
6 312 3
7 312 6
0 313 4
1 313 4
2 313 4
3 313 9
4 313 0
5 313 6
6 313 3
7 313 4
0 314 3
1 314 3
2 314 3
3 314 11
4 314 0
5 314 5
6 314 0
7 314 4
0 315 4
1 315 0
2 315 4
3 315 11
4 315 0
5 315 5
6 315 0
7 315 4
0 316 3
1 316 4
2 316 4
3 316 11
4 316 0
5 316 6
6 316 3
7 316 4
0 317 3
1 317 0
2 317 4
3 317 11
4 317 0
5 317 6
6 317 3
7 317 4
0 318 3
1 318 3
2 318 3
3 318 11
4 318 0
5 318 7
6 318 4
7 318 4
0 319 3
1 319 3
2 319 4
3 319 10
4 319 4
5 319 7
6 319 4
7 319 4
0 320 4
1 320 6
2 320 4
3 320 10
4 320 4
5 320 6
6 320 3
7 320 6
0 321 5
1 321 7
2 321 4
3 321 10
4 321 5
5 321 4
6 321 4
7 321 6
0 322 3
1 322 6
2 322 4
3 322 10
4 322 4
5 322 7
6 322 5
7 322 7
0 323 5
1 323 4
2 323 6
3 323 10
4 323 4
5 323 7
6 323 7
7 323 7
0 324 5
1 324 7
2 324 7
3 324 9
4 324 8
5 324 7
6 324 7
7 324 7
0 325 6
1 325 8
2 325 6
3 325 9
4 325 8
5 325 8
6 325 6
7 325 7
0 326 8
1 326 8
2 326 5
3 326 9
4 326 7
5 326 6
6 326 6
7 326 7
0 327 7
1 327 8
2 327 6
3 327 8
4 327 8
5 327 8
6 327 6
7 327 6
0 328 6
1 328 6
2 328 4
3 328 8
4 328 5
5 328 7
6 328 5
7 328 7
0 329 6
1 329 5
2 329 4
3 329 7
4 329 4
5 329 7
6 329 7
7 329 7
0 330 3
1 330 7
2 330 3
3 330 8
4 330 7
5 330 7
6 330 5
7 330 7
0 331 4
1 331 7
2 331 5
3 331 7
4 331 4
5 331 7
6 331 7
7 331 7
0 332 3
1 332 5
2 332 4
3 332 8
4 332 6
5 332 7
6 332 4
7 332 4
0 333 4
1 333 7
2 333 6
3 333 8
4 333 7
5 333 7
6 333 4
7 333 5
0 334 3
1 334 7
2 334 5
3 334 8
4 334 5
5 334 7
6 334 0
7 334 5
0 335 3
1 335 7
2 335 5
3 335 10
4 335 6
5 335 7
6 335 0
7 335 3
0 336 0
1 336 6
2 336 3
3 336 10
4 336 4
5 336 7
6 336 0
7 336 5
0 337 3
1 337 5
2 337 3
3 337 9
4 337 3
5 337 8
6 337 0
7 337 4
0 338 3
1 338 5
2 338 3
3 338 10
4 338 4
5 338 6
6 338 0
7 338 0
0 339 3
1 339 4
2 339 3
3 339 9
4 339 4
5 339 7
6 339 0
7 339 0
0 340 3
1 340 4
2 340 0
3 340 10
4 340 4
5 340 8
6 340 0
7 340 3
0 341 0
1 341 4
2 341 0
3 341 10
4 341 4
5 341 7
6 341 0
7 341 0
0 342 0
1 342 5
2 342 0
3 342 10
4 342 5
5 342 7
6 342 3
7 342 3
0 343 0
1 343 6
2 343 0
3 343 10
4 343 7
5 343 6
6 343 3
7 343 3
0 344 3
1 344 4
2 344 3
3 344 8
4 344 5
5 344 5
6 344 4
7 344 4
0 345 0
1 345 7
2 345 0
3 345 8
4 345 6
5 345 7
6 345 5
7 345 6
0 346 3
1 346 7
2 346 3
3 346 8
4 346 5
5 346 5
6 346 4
7 346 7
0 347 0
1 347 7
2 347 5
3 347 8
4 347 7
5 347 7
6 347 4
7 347 5
0 348 4
1 348 6
2 348 4
3 348 6
4 348 6
5 348 5
6 348 3
7 348 6
0 349 4
1 349 7
2 349 5
3 349 6
4 349 8
5 349 6
6 349 5
7 349 6
0 350 5
1 350 7
2 350 4
3 350 6
4 350 7
5 350 6
6 350 3
7 350 6
0 351 5
1 351 6
2 351 3
3 351 6
4 351 4
5 351 7
6 351 3
7 351 6
0 352 3
1 352 5
2 352 4
3 352 11
4 352 3
5 352 4
6 352 3
7 352 5
0 353 4
1 353 5
2 353 4
3 353 10
4 353 3
5 353 7
6 353 3
7 353 5
0 354 3
1 354 5
2 354 4
3 354 11
4 354 0
5 354 5
6 354 3
7 354 6
0 355 5
1 355 3
2 355 4
3 355 10
4 355 0
5 355 6
6 355 3
7 355 3
0 356 3
1 356 4
2 356 4
3 356 11
4 356 3
5 356 6
6 356 3
7 356 5
0 357 4
1 357 3
2 357 4
3 357 11
4 357 3
5 357 5
6 357 3
7 357 4
0 358 3
1 358 4
2 358 4
3 358 11
4 358 3
5 358 5
6 358 0
7 358 5
0 359 3
1 359 3
2 359 4
3 359 10
4 359 3
5 359 5
6 359 3
7 359 4
0 360 3
1 360 5
2 360 4
3 360 9
4 360 3
5 360 7
6 360 3
7 360 6
0 361 4
1 361 4
2 361 4
3 361 10
4 361 3
5 361 8
6 361 4
7 361 4
0 362 3
1 362 3
2 362 3
3 362 10
4 362 4
5 362 5
6 362 0
7 362 7
0 363 4
1 363 4
2 363 4
3 363 10
4 363 4
5 363 7
6 363 5
7 363 6
0 364 3
1 364 5
2 364 4
3 364 10
4 364 6
5 364 7
6 364 7
7 364 8
0 365 5
1 365 7
2 365 5
3 365 9
4 365 6
5 365 7
6 365 8
7 365 7
0 366 8
1 366 9
2 366 6
3 366 10
4 366 5
5 366 8
6 366 8
7 366 7
0 367 8
1 367 9
2 367 7
3 367 8
4 367 5
5 367 8
6 367 7
7 367 7
0 368 8
1 368 7
2 368 7
3 368 9
4 368 6
5 368 7
6 368 7
7 368 7
0 369 8
1 369 7
2 369 6
3 369 9
4 369 4
5 369 7
6 369 7
7 369 7
0 370 6
1 370 5
2 370 5
3 370 8
4 370 5
5 370 7
6 370 6
7 370 6
0 371 5
1 371 4
2 371 5
3 371 7
4 371 4
5 371 7
6 371 6
7 371 6
0 372 5
1 372 6
2 372 4
3 372 8
4 372 4
5 372 7
6 372 5
7 372 6
0 373 4
1 373 5
2 373 4
3 373 7
4 373 3
5 373 7
6 373 6
7 373 6
0 374 3
1 374 5
2 374 3
3 374 10
4 374 4
5 374 7
6 374 3
7 374 5
0 375 4
1 375 4
2 375 5
3 375 8
4 375 5
5 375 7
6 375 3
7 375 3
0 376 3
1 376 7
2 376 3
3 376 10
4 376 7
5 376 8
6 376 0
7 376 5
0 377 3
1 377 8
2 377 3
3 377 11
4 377 5
5 377 8
6 377 0
7 377 4
0 378 3
1 378 5
2 378 3
3 378 11
4 378 5
5 378 7
6 378 0
7 378 4
0 379 4
1 379 7
2 379 3
3 379 11
4 379 6
5 379 7
6 379 0
7 379 0
0 380 3
1 380 4
2 380 3
3 380 11
4 380 5
5 380 6
6 380 0
7 380 0
0 381 3
1 381 3
2 381 0
3 381 11
4 381 3
5 381 5
6 381 0
7 381 0
0 382 0
1 382 3
2 382 0
3 382 11
4 382 6
5 382 5
6 382 3
7 382 4
0 383 0
1 383 4
2 383 0
3 383 11
4 383 5
5 383 6
6 383 5
7 383 6
0 384 0
1 384 6
2 384 0
3 384 9
4 384 6
5 384 6
6 384 5
7 384 4
0 385 3
1 385 8
2 385 0
3 385 9
4 385 8
5 385 7
6 385 6
7 385 5
0 386 5
1 386 6
2 386 5
3 386 8
4 386 7
5 386 6
6 386 6
7 386 6
0 387 7
1 387 8
2 387 4
3 387 8
4 387 8
5 387 7
6 387 6
7 387 6
0 388 6
1 388 8
2 388 4
3 388 8
4 388 8
5 388 7
6 388 6
7 388 6
0 389 4
1 389 6
2 389 5
3 389 7
4 389 6
5 389 5
6 389 4
7 389 6
0 390 5
1 390 8
2 390 5
3 390 6
4 390 9
5 390 5
6 390 4
7 390 6
0 391 4
1 391 8
2 391 5
3 391 8
4 391 5
5 391 7
6 391 4
7 391 6
0 392 5
1 392 7
2 392 4
3 392 9
4 392 4
5 392 7
6 392 3
7 392 5
0 393 4
1 393 6
2 393 5
3 393 9
4 393 4
5 393 6
6 393 4
7 393 4
0 394 3
1 394 7
2 394 5
3 394 9
4 394 3
5 394 6
6 394 3
7 394 6
0 395 4
1 395 3
2 395 4
3 395 8
4 395 0
5 395 6
6 395 4
7 395 5
0 396 3
1 396 0
2 396 5
3 396 10
4 396 0
5 396 5
6 396 0
7 396 5
0 397 4
1 397 0
2 397 4
3 397 10
4 397 0
5 397 5
6 397 3
7 397 5
0 398 3
1 398 3
2 398 3
3 398 11
4 398 3
5 398 4
6 398 3
7 398 7
0 399 4
1 399 3
2 399 5
3 399 11
4 399 0
5 399 5
6 399 3
7 399 5
0 400 3
1 400 4
2 400 4
3 400 9
4 400 3
5 400 6
6 400 3
7 400 6
0 401 3
1 401 4
2 401 4
3 401 9
4 401 3
5 401 7
6 401 5
7 401 6
0 402 4
1 402 3
2 402 5
3 402 10
4 402 3
5 402 7
6 402 4
7 402 6
0 403 4
1 403 7
2 403 5
3 403 10
4 403 3
5 403 7
6 403 6
7 403 6
0 404 3
1 404 7
2 404 4
3 404 10
4 404 4
5 404 7
6 404 5
7 404 6
0 405 5
1 405 7
2 405 6
3 405 10
4 405 5
5 405 7
6 405 6
7 405 6
0 406 4
1 406 6
2 406 5
3 406 10
4 406 4
5 406 7
6 406 5
7 406 7
0 407 6
1 407 9
2 407 6
3 407 9
4 407 5
5 407 8
6 407 7
7 407 6
0 408 6
1 408 6
2 408 4
3 408 9
4 408 4
5 408 7
6 408 6
7 408 7
0 409 7
1 409 5
2 409 4
3 409 9
4 409 3
5 409 7
6 409 6
7 409 7
0 410 6
1 410 6
2 410 4
3 410 10
4 410 4
5 410 7
6 410 5
7 410 7
0 411 7
1 411 5
2 411 5
3 411 8
4 411 3
5 411 7
6 411 5
7 411 7
0 412 6
1 412 7
2 412 4
3 412 8
4 412 4
5 412 7
6 412 7
7 412 6
0 413 6
1 413 6
2 413 5
3 413 8
4 413 7
5 413 7
6 413 7
7 413 5
0 414 5
1 414 7
2 414 4
3 414 10
4 414 4
5 414 6
6 414 3
7 414 6
0 415 3
1 415 6
2 415 4
3 415 9
4 415 6
5 415 6
6 415 3
7 415 4
0 416 4
1 416 5
2 416 0
3 416 10
4 416 5
5 416 8
6 416 0
7 416 3
0 417 3
1 417 6
2 417 3
3 417 10
4 417 8
5 417 8
6 417 0
7 417 5
0 418 0
1 418 3
2 418 4
3 418 10
4 418 3
5 418 7
6 418 0
7 418 5
0 419 0
1 419 3
2 419 3
3 419 10
4 419 3
5 419 6
6 419 0
7 419 4
0 420 3
1 420 4
2 420 3
3 420 10
4 420 4
5 420 6
6 420 0
7 420 0
0 421 3
1 421 5
2 421 3
3 421 10
4 421 5
5 421 7
6 421 0
7 421 0
0 422 0
1 422 5
2 422 0
3 422 11
4 422 7
5 422 9
6 422 0
7 422 0
0 423 0
1 423 5
2 423 0
3 423 11
4 423 4
5 423 7
6 423 0
7 423 0
0 424 0
1 424 8
2 424 0
3 424 9
4 424 4
5 424 8
6 424 3
7 424 3
0 425 0
1 425 4
2 425 0
3 425 8
4 425 5
5 425 6
6 425 4
7 425 4
0 426 0
1 426 5
2 426 0
3 426 7
4 426 4
5 426 6
6 426 3
7 426 4
0 427 0
1 427 6
2 427 3
3 427 7
4 427 7
5 427 6
6 427 5
7 427 5
0 428 3
1 428 5
2 428 3
3 428 6
4 428 6
5 428 6
6 428 5
7 428 6
0 429 4
1 429 5
2 429 4
3 429 6
4 429 4
5 429 7
6 429 5
7 429 5
0 430 3
1 430 5
2 430 5
3 430 6
4 430 5
5 430 8
6 430 7
7 430 5
0 431 6
1 431 5
2 431 6
3 431 6
4 431 5
5 431 6
6 431 3
7 431 5
0 432 4
1 432 5
2 432 4
3 432 7
4 432 4
5 432 8
6 432 3
7 432 7
0 433 4
1 433 6
2 433 4
3 433 8
4 433 3
5 433 7
6 433 3
7 433 7
0 434 3
1 434 6
2 434 3
3 434 9
4 434 0
5 434 4
6 434 0
7 434 6
0 435 4
1 435 7
2 435 4
3 435 9
4 435 0
5 435 4
6 435 3
7 435 4
0 436 3
1 436 3
2 436 5
3 436 8
4 436 0
5 436 5
6 436 3
7 436 5
0 437 4
1 437 3
2 437 4
3 437 10
4 437 0
5 437 6
6 437 3
7 437 4
0 438 3
1 438 0
2 438 3
3 438 11
4 438 0
5 438 6
6 438 3
7 438 6
0 439 3
1 439 0
2 439 4
3 439 11
4 439 3
5 439 5
6 439 4
7 439 5
0 440 3
1 440 4
2 440 4
3 440 10
4 440 0
5 440 4
6 440 3
7 440 6
0 441 4
1 441 4
2 441 6
3 441 10
4 441 3
5 441 4
6 441 3
7 441 5
0 442 3
1 442 3
2 442 5
3 442 11
4 442 3
5 442 5
6 442 3
7 442 6
0 443 4
1 443 4
2 443 6
3 443 11
4 443 0
5 443 6
6 443 0
7 443 5
0 444 3
1 444 4
2 444 4
3 444 11
4 444 3
5 444 6
6 444 3
7 444 7
0 445 4
1 445 6
2 445 4
3 445 11
4 445 7
5 445 7
6 445 6
7 445 8
0 446 3
1 446 6
2 446 5
3 446 10
4 446 5
5 446 7
6 446 8
7 446 7
0 447 5
1 447 9
2 447 7
3 447 10
4 447 9
5 447 8
6 447 8
7 447 7
0 448 8
1 448 7
2 448 7
3 448 10
4 448 5
5 448 7
6 448 6
7 448 7
0 449 8
1 449 7
2 449 6
3 449 8
4 449 4
5 449 7
6 449 7
7 449 7
0 450 7
1 450 7
2 450 4
3 450 10
4 450 6
5 450 7
6 450 6
7 450 7
0 451 5
1 451 4
2 451 5
3 451 8
4 451 3
5 451 7
6 451 7
7 451 7
0 452 4
1 452 5
2 452 3
3 452 8
4 452 6
5 452 7
6 452 6
7 452 6
0 453 5
1 453 4
2 453 5
3 453 7
4 453 3
5 453 7
6 453 7
7 453 5
0 454 6
1 454 4
2 454 4
3 454 8
4 454 3
5 454 7
6 454 5
7 454 5
0 455 6
1 455 3
2 455 6
3 455 9
4 455 3
5 455 7
6 455 5
7 455 4
0 456 3
1 456 6
2 456 5
3 456 10
4 456 3
5 456 7
6 456 4
7 456 5
0 457 4
1 457 7
2 457 4
3 457 9
4 457 3
5 457 7
6 457 4
7 457 4
0 458 4
1 458 6
2 458 3
3 458 9
4 458 4
5 458 7
6 458 0
7 458 5
0 459 0
1 459 7
2 459 4
3 459 10
4 459 3
5 459 7
6 459 0
7 459 3
0 460 0
1 460 5
2 460 4
3 460 10
4 460 4
5 460 6
6 460 0
7 460 3
0 461 3
1 461 6
2 461 0
3 461 10
4 461 4
5 461 4
6 461 0
7 461 0
0 462 0
1 462 4
2 462 0
3 462 11
4 462 3
5 462 6
6 462 3
7 462 0
0 463 0
1 463 3
2 463 0
3 463 11
4 463 5
5 463 7
6 463 4
7 463 3
0 464 0
1 464 5
2 464 3
3 464 10
4 464 8
5 464 6
6 464 4
7 464 0
0 465 0
1 465 5
2 465 0
3 465 10
4 465 5
5 465 6
6 465 3
7 465 3
0 466 3
1 466 5
2 466 3
3 466 8
4 466 3
5 466 5
6 466 3
7 466 3
0 467 0
1 467 7
2 467 0
3 467 8
4 467 5
5 467 5
6 467 4
7 467 4
0 468 3
1 468 4
2 468 4
3 468 8
4 468 4
5 468 4
6 468 4
7 468 5
0 469 0
1 469 5
2 469 3
3 469 9
4 469 4
5 469 5
6 469 3
7 469 5
0 470 3
1 470 4
2 470 3
3 470 9
4 470 6
5 470 5
6 470 3
7 470 5
0 471 5
1 471 4
2 471 4
3 471 8
4 471 3
5 471 4
6 471 5
7 471 5
0 472 4
1 472 6
2 472 3
3 472 7
4 472 5
5 472 5
6 472 3
7 472 6
0 473 5
1 473 5
2 473 4
3 473 8
4 473 3
5 473 3
6 473 3
7 473 7
0 474 3
1 474 6
2 474 4
3 474 10
4 474 0
5 474 4
6 474 3
7 474 5
0 475 4
1 475 5
2 475 4
3 475 10
4 475 0
5 475 4
6 475 3
7 475 4
0 476 3
1 476 6
2 476 4
3 476 11
4 476 0
5 476 5
6 476 0
7 476 5
0 477 5
1 477 4
2 477 5
3 477 10
4 477 0
5 477 5
6 477 3
7 477 4
0 478 3
1 478 3
2 478 4
3 478 11
4 478 0
5 478 5
6 478 3
7 478 5
0 479 4
1 479 3
2 479 4
3 479 11
4 479 0
5 479 5
6 479 3
7 479 5
0 480 3
1 480 4
2 480 4
3 480 11
4 480 0
5 480 6
6 480 3
7 480 5
0 481 0
1 481 3
2 481 3
3 481 11
4 481 0
5 481 4
6 481 4
7 481 5
0 482 3
1 482 4
2 482 3
3 482 11
4 482 0
5 482 6
6 482 3
7 482 5
0 483 3
1 483 0
2 483 3
3 483 11
4 483 0
5 483 5
6 483 4
7 483 5
0 484 3
1 484 3
2 484 3
3 484 10
4 484 3
5 484 5
6 484 4
7 484 6
0 485 4
1 485 4
2 485 5
3 485 10
4 485 3
5 485 4
6 485 3
7 485 5
0 486 3
1 486 3
2 486 3
3 486 10
4 486 5
5 486 7
6 486 7
7 486 6
0 487 0
1 487 4
2 487 5
3 487 10
4 487 6
5 487 7
6 487 8
7 487 7
0 488 4
1 488 7
2 488 6
3 488 10
4 488 7
5 488 7
6 488 7
7 488 7
0 489 8
1 489 8
2 489 6
3 489 10
4 489 8
5 489 7
6 489 8
7 489 6
0 490 7
1 490 7
2 490 5
3 490 10
4 490 6
5 490 7
6 490 7
7 490 6
0 491 7
1 491 7
2 491 6
3 491 9
4 491 4
5 491 7
6 491 6
7 491 6
0 492 5
1 492 7
2 492 3
3 492 10
4 492 6
5 492 7
6 492 5
7 492 6
0 493 6
1 493 7
2 493 5
3 493 8
4 493 7
5 493 7
6 493 5
7 493 5
0 494 3
1 494 7
2 494 3
3 494 8
4 494 6
5 494 6
6 494 4
7 494 6
0 495 4
1 495 7
2 495 4
3 495 8
4 495 7
5 495 7
6 495 5
7 495 6
0 496 3
1 496 7
2 496 4
3 496 9
4 496 6
5 496 7
6 496 3
7 496 4
0 497 4
1 497 7
2 497 5
3 497 9
4 497 4
5 497 7
6 497 0
7 497 3
0 498 3
1 498 7
2 498 3
3 498 10
4 498 4
5 498 7
6 498 0
7 498 4
0 499 0
1 499 5
2 499 4
3 499 10
4 499 6
5 499 8
6 499 0
7 499 3
0 500 0
1 500 6
2 500 3
3 500 10
4 500 3
5 500 7
6 500 0
7 500 3
0 501 3
1 501 5
2 501 4
3 501 10
4 501 4
5 501 7
6 501 0
7 501 4
0 502 3
1 502 5
2 502 3
3 502 10
4 502 4
5 502 7
6 502 0
7 502 4
0 503 0
1 503 5
2 503 3
3 503 10
4 503 6
5 503 6
6 503 0
7 503 3
0 504 0
1 504 5
2 504 3
3 504 11
4 504 4
5 504 5
6 504 0
7 504 0
0 505 0
1 505 3
2 505 0
3 505 11
4 505 6
5 505 7
6 505 3
7 505 0
0 506 0
1 506 3
2 506 0
3 506 9
4 506 5
5 506 5
6 506 3
7 506 4
0 507 0
1 507 6
2 507 0
3 507 10
4 507 3
5 507 5
6 507 4
7 507 4
0 508 0
1 508 4
2 508 3
3 508 7
4 508 4
5 508 4
6 508 4
7 508 4
0 509 4
1 509 4
2 509 4
3 509 8
4 509 5
5 509 4
6 509 4
7 509 5
0 510 3
1 510 6
2 510 3
3 510 7
4 510 4
5 510 4
6 510 3
7 510 6
0 511 4
1 511 5
2 511 3
3 511 8
4 511 4
5 511 8
6 511 3
7 511 4
0 512 4
1 512 6
2 512 4
3 512 6
4 512 5
5 512 7
6 512 4
7 512 5
0 513 4
1 513 8
2 513 4
3 513 6
4 513 6
5 513 7
6 513 3
7 513 5
0 514 5
1 514 6
2 514 3
3 514 8
4 514 5
5 514 5
6 514 4
7 514 5
0 515 5
1 515 3
2 515 4
3 515 10
4 515 5
5 515 5
6 515 4
7 515 6
0 516 3
1 516 3
2 516 4
3 516 10
4 516 5
5 516 8
6 516 3
7 516 5
0 517 4
1 517 3
2 517 4
3 517 10
4 517 4
5 517 6
6 517 3
7 517 6
0 518 4
1 518 3
2 518 5
3 518 10
4 518 3
5 518 6
6 518 3
7 518 6
0 519 4
1 519 4
2 519 6
3 519 8
4 519 0
5 519 8
6 519 3
7 519 4
0 520 4
1 520 4
2 520 5
3 520 11
4 520 3
5 520 4
6 520 3
7 520 5
0 521 4
1 521 4
2 521 5
3 521 11
4 521 3
5 521 6
6 521 3
7 521 5
0 522 3
1 522 3
2 522 4
3 522 8
4 522 0
5 522 6
6 522 3
7 522 5
0 523 4
1 523 3
2 523 4
3 523 11
4 523 0
5 523 6
6 523 3
7 523 5
0 524 4
1 524 6
2 524 5
3 524 9
4 524 0
5 524 4
6 524 4
7 524 5
0 525 3
1 525 4
2 525 5
3 525 10
4 525 4
5 525 4
6 525 4
7 525 6
0 526 3
1 526 3
2 526 3
3 526 10
4 526 4
5 526 7
6 526 4
7 526 7
0 527 4
1 527 3
2 527 4
3 527 10
4 527 7
5 527 7
6 527 6
7 527 7
0 528 3
1 528 6
2 528 6
3 528 9
4 528 6
5 528 7
6 528 8
7 528 7
0 529 5
1 529 7
2 529 6
3 529 9
4 529 6
5 529 7
6 529 8
7 529 6
0 530 8
1 530 5
2 530 6
3 530 9
4 530 4
5 530 6
6 530 7
7 530 6
0 531 8
1 531 3
2 531 7
3 531 8
4 531 3
5 531 7
6 531 7
7 531 5
0 532 7
1 532 3
2 532 6
3 532 8
4 532 3
5 532 7
6 532 6
7 532 7
0 533 6
1 533 3
2 533 4
3 533 7
4 533 3
5 533 7
6 533 6
7 533 6
0 534 6
1 534 3
2 534 4
3 534 8
4 534 3
5 534 7
6 534 6
7 534 6
0 535 4
1 535 6
2 535 4
3 535 7
4 535 7
5 535 7
6 535 7
7 535 7
0 536 6
1 536 7
2 536 5
3 536 9
4 536 7
5 536 7
6 536 7
7 536 6
0 537 5
1 537 7
2 537 4
3 537 9
4 537 4
5 537 7
6 537 5
7 537 5
0 538 6
1 538 7
2 538 4
3 538 10
4 538 7
5 538 7
6 538 0
7 538 4
0 539 3
1 539 7
2 539 3
3 539 10
4 539 6
5 539 8
6 539 0
7 539 4
0 540 0
1 540 8
2 540 0
3 540 10
4 540 5
5 540 7
6 540 0
7 540 4
0 541 3
1 541 7
2 541 0
3 541 10
4 541 3
5 541 8
6 541 0
7 541 3
0 542 4
1 542 6
2 542 3
3 542 10
4 542 5
5 542 5
6 542 0
7 542 0
0 543 0
1 543 6
2 543 3
3 543 10
4 543 5
5 543 8
6 543 0
7 543 0
0 544 0
1 544 4
2 544 0
3 544 11
4 544 4
5 544 8
6 544 0
7 544 0
0 545 0
1 545 6
2 545 0
3 545 11
4 545 4
5 545 6
6 545 0
7 545 0
0 546 0
1 546 4
2 546 0
3 546 11
4 546 5
5 546 8
6 546 0
7 546 0
0 547 0
1 547 5
2 547 0
3 547 11
4 547 6
5 547 7
6 547 0
7 547 3
0 548 0
1 548 5
2 548 0
3 548 8
4 548 5
5 548 5
6 548 3
7 548 5
0 549 0
1 549 5
2 549 0
3 549 8
4 549 6
5 549 6
6 549 5
7 549 6
0 550 0
1 550 5
2 550 4
3 550 8
4 550 7
5 550 7
6 550 5
7 550 6
0 551 0
1 551 6
2 551 3
3 551 8
4 551 5
5 551 7
6 551 6
7 551 6
0 552 4
1 552 8
2 552 5
3 552 6
4 552 5
5 552 8
6 552 6
7 552 5
0 553 4
1 553 6
2 553 4
3 553 7
4 553 5
5 553 8
6 553 5
7 553 5
0 554 5
1 554 6
2 554 5
3 554 8
4 554 5
5 554 6
6 554 5
7 554 6
0 555 5
1 555 5
2 555 5
3 555 8
4 555 4
5 555 8
6 555 4
7 555 4
0 556 5
1 556 6
2 556 4
3 556 9
4 556 4
5 556 5
6 556 4
7 556 3
0 557 5
1 557 7
2 557 4
3 557 9
4 557 4
5 557 5
6 557 4
7 557 5
0 558 4
1 558 5
2 558 4
3 558 9
4 558 3
5 558 6
6 558 0
7 558 5
0 559 4
1 559 6
2 559 5
3 559 9
4 559 3
5 559 7
6 559 3
7 559 5
0 560 4
1 560 4
2 560 4
3 560 10
4 560 0
5 560 5
6 560 3
7 560 3
0 561 5
1 561 3
2 561 4
3 561 11
4 561 0
5 561 6
6 561 3
7 561 3
0 562 4
1 562 4
2 562 3
3 562 11
4 562 0
5 562 6
6 562 3
7 562 4
0 563 3
1 563 3
2 563 3
3 563 11
4 563 3
5 563 6
6 563 4
7 563 4
0 564 3
1 564 3
2 564 3
3 564 11
4 564 4
5 564 5
6 564 3
7 564 6
0 565 3
1 565 3
2 565 3
3 565 11
4 565 4
5 565 5
6 565 4
7 565 4
0 566 3
1 566 3
2 566 7
3 566 10
4 566 4
5 566 6
6 566 5
7 566 6
0 567 4
1 567 6
2 567 4
3 567 10
4 567 3
5 567 5
6 567 4
7 567 6
0 568 3
1 568 3
2 568 7
3 568 9
4 568 7
5 568 7
6 568 4
7 568 6
0 569 4
1 569 3
2 569 6
3 569 9
4 569 7
5 569 7
6 569 7
7 569 7
0 570 5
1 570 8
2 570 3
3 570 9
4 570 6
5 570 7
6 570 7
7 570 7
0 571 5
1 571 7
2 571 3
3 571 9
4 571 7
5 571 7
6 571 7
7 571 7
0 572 7
1 572 7
2 572 6
3 572 8
4 572 3
5 572 6
6 572 7
7 572 6
0 573 7
1 573 4
2 573 6
3 573 8
4 573 3
5 573 4
6 573 6
7 573 6
0 574 6
1 574 3
2 574 6
3 574 8
4 574 3
5 574 3
6 574 6
7 574 7
0 575 6
1 575 3
2 575 5
3 575 9
4 575 3
5 575 6
6 575 7
7 575 6
0 576 5
1 576 6
2 576 5
3 576 8
4 576 3
5 576 6
6 576 7
7 576 6
0 577 4
1 577 6
2 577 5
3 577 9
4 577 3
5 577 7
6 577 5
7 577 6
0 578 7
1 578 4
2 578 6
3 578 9
4 578 3
5 578 7
6 578 5
7 578 4
0 579 7
1 579 6
2 579 4
3 579 10
4 579 4
5 579 8
6 579 4
7 579 5
0 580 4
1 580 6
2 580 4
3 580 9
4 580 6
5 580 8
6 580 0
7 580 6
0 581 0
1 581 6
2 581 3
3 581 9
4 581 5
5 581 8
6 581 0
7 581 4
0 582 0
1 582 7
2 582 3
3 582 10
4 582 4
5 582 6
6 582 0
7 582 4
0 583 3
1 583 4
2 583 4
3 583 10
4 583 5
5 583 6
6 583 0
7 583 0
0 584 3
1 584 6
2 584 3
3 584 11
4 584 4
5 584 6
6 584 0
7 584 0
0 585 0
1 585 4
2 585 3
3 585 11
4 585 3
5 585 6
6 585 0
7 585 0
0 586 0
1 586 5
2 586 0
3 586 11
4 586 6
5 586 6
6 586 3
7 586 3
0 587 0
1 587 4
2 587 0
3 587 11
4 587 7
5 587 6
6 587 4
7 587 4
0 588 0
1 588 7
2 588 0
3 588 10
4 588 7
5 588 7
6 588 5
7 588 5
0 589 0
1 589 5
2 589 0
3 589 8
4 589 8
5 589 7
6 589 5
7 589 5
0 590 0
1 590 8
2 590 3
3 590 8
4 590 4
5 590 8
6 590 6
7 590 6
0 591 5
1 591 7
2 591 4
3 591 8
4 591 8
5 591 9
6 591 6
7 591 6
0 592 5
1 592 8
2 592 4
3 592 7
4 592 5
5 592 8
6 592 4
7 592 7
0 593 5
1 593 8
2 593 4
3 593 7
4 593 6
5 593 8
6 593 5
7 593 6
0 594 5
1 594 8
2 594 5
3 594 6
4 594 6
5 594 7
6 594 4
7 594 6
0 595 5
1 595 8
2 595 5
3 595 7
4 595 6
5 595 7
6 595 4
7 595 6
0 596 5
1 596 7
2 596 5
3 596 9
4 596 3
5 596 7
6 596 0
7 596 6
0 597 3
1 597 5
2 597 3
3 597 9
4 597 3
5 597 6
6 597 3
7 597 5
0 598 4
1 598 5
2 598 4
3 598 9
4 598 0
5 598 6
6 598 3
7 598 3
0 599 4
1 599 4
2 599 5
3 599 9
4 599 0
5 599 4
6 599 3
7 599 5
0 600 4
1 600 4
2 600 4
3 600 9
4 600 3
5 600 6
6 600 0
7 600 4
0 601 4
1 601 4
2 601 5
3 601 9
4 601 0
5 601 6
6 601 3
7 601 4
0 602 4
1 602 0
2 602 4
3 602 11
4 602 0
5 602 8
6 602 3
7 602 3
0 603 3
1 603 0
2 603 4
3 603 11
4 603 3
5 603 6
6 603 3
7 603 5
0 604 4
1 604 3
2 604 4
3 604 10
4 604 0
5 604 6
6 604 3
7 604 4
0 605 4
1 605 4
2 605 4
3 605 10
4 605 0
5 605 6
6 605 0
7 605 3
0 606 3
1 606 5
2 606 4
3 606 11
4 606 7
5 606 6
6 606 4
7 606 6
0 607 4
1 607 5
2 607 4
3 607 11
4 607 5
5 607 7
6 607 4
7 607 5
0 608 4
1 608 7
2 608 5
3 608 11
4 608 3
5 608 7
6 608 7
7 608 7
0 609 4
1 609 7
2 609 5
3 609 10
4 609 7
5 609 7
6 609 8
7 609 6
0 610 6
1 610 6
2 610 4
3 610 10
4 610 5
5 610 7
6 610 8
7 610 7
0 611 8
1 611 9
2 611 6
3 611 10
4 611 5
5 611 8
6 611 7
7 611 8
0 612 9
1 612 8
2 612 7
3 612 10
4 612 4
5 612 7
6 612 7
7 612 7
0 613 7
1 613 7
2 613 6
3 613 10
4 613 7
5 613 7
6 613 7
7 613 7
0 614 6
1 614 6
2 614 6
3 614 8
4 614 5
5 614 7
6 614 7
7 614 6
0 615 6
1 615 7
2 615 5
3 615 8
4 615 5
5 615 7
6 615 7
7 615 7
0 616 5
1 616 6
2 616 6
3 616 8
4 616 5
5 616 7
6 616 7
7 616 6
0 617 4
1 617 7
2 617 5
3 617 8
4 617 3
5 617 7
6 617 7
7 617 6
0 618 5
1 618 6
2 618 5
3 618 8
4 618 4
5 618 7
6 618 7
7 618 6
0 619 7
1 619 7
2 619 6
3 619 8
4 619 3
5 619 7
6 619 6
7 619 5
0 620 7
1 620 6
2 620 5
3 620 10
4 620 5
5 620 7
6 620 0
7 620 4
0 621 6
1 621 7
2 621 5
3 621 10
4 621 7
5 621 7
6 621 0
7 621 4
0 622 0
1 622 8
2 622 3
3 622 10
4 622 7
5 622 9
6 622 0
7 622 4
0 623 0
1 623 7
2 623 4
3 623 10
4 623 5
5 623 8
6 623 0
7 623 3
0 624 0
1 624 3
2 624 0
3 624 10
4 624 3
5 624 6
6 624 0
7 624 0
0 625 0
1 625 3
2 625 0
3 625 10
4 625 4
5 625 6
6 625 0
7 625 3
0 626 0
1 626 6
2 626 0
3 626 11
4 626 6
5 626 7
6 626 0
7 626 0
0 627 0
1 627 7
2 627 0
3 627 11
4 627 4
5 627 7
6 627 0
7 627 0
0 628 0
1 628 6
2 628 0
3 628 9
4 628 7
5 628 7
6 628 0
7 628 0
0 629 0
1 629 7
2 629 0
3 629 9
4 629 6
5 629 7
6 629 0
7 629 0
0 630 0
1 630 6
2 630 0
3 630 8
4 630 4
5 630 6
6 630 3
7 630 4
0 631 0
1 631 3
2 631 0
3 631 8
4 631 7
5 631 5
6 631 5
7 631 5
0 632 0
1 632 6
2 632 0
3 632 8
4 632 6
5 632 7
6 632 4
7 632 6
0 633 0
1 633 4
2 633 4
3 633 8
4 633 6
5 633 7
6 633 5
7 633 6
0 634 6
1 634 6
2 634 5
3 634 9
4 634 4
5 634 6
6 634 4
7 634 5
0 635 4
1 635 8
2 635 5
3 635 9
4 635 6
5 635 6
6 635 3
7 635 5
0 636 5
1 636 6
2 636 5
3 636 9
4 636 6
5 636 6
6 636 0
7 636 5
0 637 5
1 637 6
2 637 4
3 637 10
4 637 4
5 637 6
6 637 3
7 637 5
0 638 3
1 638 5
2 638 3
3 638 9
4 638 4
5 638 5
6 638 3
7 638 6
0 639 4
1 639 4
2 639 4
3 639 9
4 639 3
5 639 6
6 639 3
7 639 4
0 640 4
1 640 4
2 640 4
3 640 9
4 640 3
5 640 6
6 640 3
7 640 5
0 641 4
1 641 4
2 641 4
3 641 10
4 641 4
5 641 4
6 641 4
7 641 4
0 642 4
1 642 3
2 642 4
3 642 10
4 642 4
5 642 5
6 642 4
7 642 4
0 643 4
1 643 3
2 643 4
3 643 11
4 643 4
5 643 5
6 643 3
7 643 5
0 644 4
1 644 4
2 644 4
3 644 11
4 644 3
5 644 5
6 644 3
7 644 5
0 645 4
1 645 3
2 645 4
3 645 11
4 645 3
5 645 5
6 645 3
7 645 6
0 646 4
1 646 3
2 646 5
3 646 11
4 646 3
5 646 5
6 646 3
7 646 3
0 647 3
1 647 3
2 647 4
3 647 10
4 647 3
5 647 4
6 647 5
7 647 5
0 648 4
1 648 4
2 648 4
3 648 10
4 648 7
5 648 7
6 648 4
7 648 4
0 649 4
1 649 3
2 649 4
3 649 10
4 649 7
5 649 7
6 649 7
7 649 8
0 650 6
1 650 4
2 650 5
3 650 10
4 650 5
5 650 8
6 650 8
7 650 7
0 651 4
1 651 7
2 651 6
3 651 10
4 651 6
5 651 8
6 651 8
7 651 7
0 652 7
1 652 8
2 652 5
3 652 10
4 652 6
5 652 8
6 652 8
7 652 7
0 653 7
1 653 7
2 653 6
3 653 8
4 653 5
5 653 8
6 653 8
7 653 6
0 654 8
1 654 6
2 654 6
3 654 8
4 654 5
5 654 8
6 654 7
7 654 6
0 655 7
1 655 8
2 655 5
3 655 8
4 655 8
5 655 7
6 655 7
7 655 7
0 656 5
1 656 7
2 656 4
3 656 7
4 656 7
5 656 7
6 656 6
7 656 7
0 657 5
1 657 7
2 657 4
3 657 7
4 657 6
5 657 7
6 657 6
7 657 6
0 658 4
1 658 6
2 658 5
3 658 8
4 658 7
5 658 7
6 658 7
7 658 7
0 659 3
1 659 7
2 659 3
3 659 8
4 659 6
5 659 7
6 659 6
7 659 4
0 660 5
1 660 7
2 660 6
3 660 10
4 660 7
5 660 7
6 660 3
7 660 3
0 661 4
1 661 7
2 661 3
3 661 10
4 661 6
5 661 6
6 661 3
7 661 4
0 662 0
1 662 7
2 662 3
3 662 10
4 662 6
5 662 7
6 662 0
7 662 5
0 663 0
1 663 6
2 663 3
3 663 10
4 663 4
5 663 7
6 663 0
7 663 3
0 664 0
1 664 5
2 664 3
3 664 10
4 664 3
5 664 7
6 664 0
7 664 0
0 665 0
1 665 4
2 665 0
3 665 10
4 665 3
5 665 7
6 665 0
7 665 0
0 666 0
1 666 5
2 666 3
3 666 11
4 666 4
5 666 7
6 666 0
7 666 0
0 667 3
1 667 6
2 667 3
3 667 11
4 667 3
5 667 8
6 667 0
7 667 0
0 668 0
1 668 8
2 668 0
3 668 10
4 668 5
5 668 7
6 668 0
7 668 0
0 669 0
1 669 6
2 669 0
3 669 10
4 669 5
5 669 7
6 669 3
7 669 4
0 670 0
1 670 5
2 670 0
3 670 8
4 670 6
5 670 7
6 670 3
7 670 4
0 671 0
1 671 6
2 671 0
3 671 8
4 671 4
5 671 5
6 671 4
7 671 4
0 672 0
1 672 5
2 672 3
3 672 8
4 672 5
5 672 5
6 672 4
7 672 4
0 673 0
1 673 4
2 673 5
3 673 8
4 673 3
5 673 6
6 673 3
7 673 5
0 674 0
1 674 6
2 674 4
3 674 6
4 674 5
5 674 6
6 674 4
7 674 5
0 675 4
1 675 5
2 675 4
3 675 6
4 675 5
5 675 5
6 675 4
7 675 4
0 676 5
1 676 6
2 676 3
3 676 6
4 676 5
5 676 6
6 676 3
7 676 5
0 677 5
1 677 6
2 677 5
3 677 7
4 677 4
5 677 6
6 677 4
7 677 6
0 678 4
1 678 8
2 678 5
3 678 9
4 678 5
5 678 6
6 678 4
7 678 5
0 679 3
1 679 4
2 679 4
3 679 9
4 679 0
5 679 8
6 679 3
7 679 4
0 680 4
1 680 3
2 680 4
3 680 10
4 680 0
5 680 6
6 680 4
7 680 5
0 681 4
1 681 5
2 681 4
3 681 10
4 681 0
5 681 8
6 681 3
7 681 4
0 682 4
1 682 3
2 682 4
3 682 10
4 682 0
5 682 7
6 682 3
7 682 4
0 683 4
1 683 3
2 683 4
3 683 10
4 683 0
5 683 8
6 683 3
7 683 4
0 684 3
1 684 0
2 684 4
3 684 11
4 684 3
5 684 6
6 684 3
7 684 4
0 685 4
1 685 3
2 685 4
3 685 11
4 685 0
5 685 6
6 685 4
7 685 4
0 686 3
1 686 3
2 686 4
3 686 11
4 686 0
5 686 5
6 686 3
7 686 5
0 687 4
1 687 5
2 687 4
3 687 11
4 687 3
5 687 6
6 687 3
7 687 6
0 688 4
1 688 6
2 688 4
3 688 11
4 688 4
5 688 7
6 688 4
7 688 5
0 689 0
1 689 7
2 689 4
3 689 10
4 689 5
5 689 7
6 689 6
7 689 7
0 690 5
1 690 7
2 690 5
3 690 10
4 690 6
5 690 7
6 690 8
7 690 8
0 691 4
1 691 4
2 691 5
3 691 9
4 691 7
5 691 8
6 691 8
7 691 6
0 692 7
1 692 7
2 692 7
3 692 9
4 692 9
5 692 7
6 692 8
7 692 7
0 693 8
1 693 8
2 693 7
3 693 9
4 693 9
5 693 7
6 693 8
7 693 6
0 694 9
1 694 7
2 694 7
3 694 8
4 694 9
5 694 7
6 694 6
7 694 7
0 695 8
1 695 7
2 695 7
3 695 8
4 695 7
5 695 7
6 695 7
7 695 6
0 696 7
1 696 5
2 696 4
3 696 8
4 696 4
5 696 7
6 696 7
7 696 7
0 697 7
1 697 5
2 697 6
3 697 8
4 697 4
5 697 7
6 697 7
7 697 7
0 698 5
1 698 7
2 698 5
3 698 8
4 698 3
5 698 7
6 698 7
7 698 6
0 699 6
1 699 7
2 699 6
3 699 10
4 699 6
5 699 7
6 699 6
7 699 7
0 700 5
1 700 7
2 700 4
3 700 10
4 700 7
5 700 7
6 700 6
7 700 4
0 701 7
1 701 6
2 701 4
3 701 10
4 701 3
5 701 7
6 701 4
7 701 4
0 702 4
1 702 7
2 702 4
3 702 10
4 702 7
5 702 7
6 702 0
7 702 5
0 703 3
1 703 6
2 703 0
3 703 10
4 703 7
5 703 8
6 703 0
7 703 3
0 704 0
1 704 7
2 704 0
3 704 10
4 704 5
5 704 8
6 704 0
7 704 3
0 705 4
1 705 7
2 705 0
3 705 10
4 705 4
5 705 7
6 705 0
7 705 4
0 706 0
1 706 6
2 706 3
3 706 10
4 706 6
5 706 8
6 706 0
7 706 3
0 707 0
1 707 4
2 707 3
3 707 10
4 707 5
5 707 6
6 707 0
7 707 3
0 708 0
1 708 5
2 708 0
3 708 11
4 708 8
5 708 5
6 708 0
7 708 4
0 709 0
1 709 4
2 709 0
3 709 11
4 709 4
5 709 5
6 709 0
7 709 4
0 710 0
1 710 5
2 710 0
3 710 11
4 710 6
5 710 5
6 710 3
7 710 5
0 711 0
1 711 6
2 711 0
3 711 9
4 711 3
5 711 5
6 711 4
7 711 4
0 712 3
1 712 5
2 712 0
3 712 8
4 712 6
5 712 6
6 712 5
7 712 6
0 713 3
1 713 7
2 713 4
3 713 8
4 713 6
5 713 6
6 713 6
7 713 5
0 714 4
1 714 6
2 714 3
3 714 8
4 714 6
5 714 7
6 714 4
7 714 5
0 715 5
1 715 7
2 715 4
3 715 7
4 715 5
5 715 6
6 715 4
7 715 6
0 716 4
1 716 8
2 716 5
3 716 7
4 716 7
5 716 6
6 716 4
7 716 4
0 717 6
1 717 7
2 717 5
3 717 7
4 717 6
5 717 6
6 717 4
7 717 5
0 718 5
1 718 5
2 718 5
3 718 6
4 718 5
5 718 5
6 718 3
7 718 5
0 719 5
1 719 8
2 719 5
3 719 8
4 719 6
5 719 6
6 719 0
7 719 6
0 720 4
1 720 4
2 720 4
3 720 9
4 720 3
5 720 6
6 720 3
7 720 4
0 721 3
1 721 4
2 721 5
3 721 9
4 721 4
5 721 8
6 721 3
7 721 4
0 722 4
1 722 6
2 722 5
3 722 9
4 722 0
5 722 6
6 722 4
7 722 4
0 723 4
1 723 3
2 723 4
3 723 10
4 723 0
5 723 5
6 723 3
7 723 3
0 724 4
1 724 5
2 724 5
3 724 10
4 724 0
5 724 5
6 724 3
7 724 3
0 725 4
1 725 3
2 725 4
3 725 10
4 725 0
5 725 4
6 725 3
7 725 5
0 726 3
1 726 3
2 726 4
3 726 11
4 726 0
5 726 6
6 726 3
7 726 6
0 727 3
1 727 3
2 727 4
3 727 11
4 727 0
5 727 6
6 727 3
7 727 5
0 728 3
1 728 3
2 728 3
3 728 11
4 728 3
5 728 4
6 728 5
7 728 4
0 729 4
1 729 3
2 729 3
3 729 11
4 729 3
5 729 4
6 729 3
7 729 5
0 730 4
1 730 4
2 730 5
3 730 10
4 730 5
5 730 7
6 730 7
7 730 7
0 731 0
1 731 4
2 731 3
3 731 10
4 731 7
5 731 7
6 731 6
7 731 7
0 732 5
1 732 7
2 732 7
3 732 10
4 732 4
5 732 7
6 732 7
7 732 7
0 733 3
1 733 7
2 733 6
3 733 10
4 733 4
5 733 7
6 733 7
7 733 6
0 734 9
1 734 5
2 734 6
3 734 9
4 734 4
5 734 7
6 734 7
7 734 7
0 735 8
1 735 4
2 735 6
3 735 9
4 735 3
5 735 6
6 735 7
7 735 7
0 736 7
1 736 3
2 736 6
3 736 10
4 736 3
5 736 5
6 736 7
7 736 6
0 737 7
1 737 3
2 737 6
3 737 9
4 737 5
5 737 3
6 737 7
7 737 6
0 738 7
1 738 3
2 738 6
3 738 8
4 738 3
5 738 6
6 738 6
7 738 6
0 739 6
1 739 4
2 739 6
3 739 8
4 739 3
5 739 6
6 739 5
7 739 6
0 740 5
1 740 3
2 740 4
3 740 9
4 740 3
5 740 6
6 740 5
7 740 5
0 741 4
1 741 6
2 741 4
3 741 9
4 741 6
5 741 7
6 741 5
7 741 6
0 742 5
1 742 5
2 742 4
3 742 10
4 742 3
5 742 7
6 742 3
7 742 5
0 743 6
1 743 6
2 743 3
3 743 10
4 743 5
5 743 6
6 743 0
7 743 4
0 744 0
1 744 6
2 744 3
3 744 10
4 744 4
5 744 7
6 744 0
7 744 4
0 745 0
1 745 7
2 745 4
3 745 10
4 745 6
5 745 7
6 745 0
7 745 4
0 746 3
1 746 4
2 746 4
3 746 10
4 746 4
5 746 6
6 746 0
7 746 3
0 747 0
1 747 3
2 747 3
3 747 10
4 747 4
5 747 6
6 747 0
7 747 0
0 748 0
1 748 4
2 748 0
3 748 11
4 748 3
5 748 9
6 748 0
7 748 0
0 749 0
1 749 4
2 749 0
3 749 11
4 749 4
5 749 8
6 749 0
7 749 0
0 750 0
1 750 7
2 750 0
3 750 11
4 750 6
5 750 8
6 750 0
7 750 0
0 751 0
1 751 6
2 751 0
3 751 10
4 751 7
5 751 8
6 751 0
7 751 4
0 752 0
1 752 7
2 752 0
3 752 8
4 752 4
5 752 6
6 752 0
7 752 4
0 753 0
1 753 4
2 753 0
3 753 8
4 753 6
5 753 5
6 753 4
7 753 4
0 754 0
1 754 4
2 754 0
3 754 7
4 754 5
5 754 6
6 754 3
7 754 4
0 755 0
1 755 4
2 755 0
3 755 6
4 755 5
5 755 6
6 755 3
7 755 5
0 756 4
1 756 7
2 756 4
3 756 6
4 756 4
5 756 6
6 756 3
7 756 5
0 757 4
1 757 6
2 757 4
3 757 7
4 757 5
5 757 6
6 757 3
7 757 4
0 758 5
1 758 4
2 758 4
3 758 8
4 758 4
5 758 6
6 758 3
7 758 6
0 759 7
1 759 7
2 759 6
3 759 7
4 759 4
5 759 8
6 759 0
7 759 6
0 760 3
1 760 4
2 760 4
3 760 9
4 760 4
5 760 7
6 760 0
7 760 5
0 761 3
1 761 5
2 761 4
3 761 9
4 761 5
5 761 7
6 761 3
7 761 5
0 762 4
1 762 6
2 762 4
3 762 9
4 762 0
5 762 7
6 762 0
7 762 3
0 763 4
1 763 5
2 763 4
3 763 9
4 763 0
5 763 7
6 763 3
7 763 4
0 764 4
1 764 6
2 764 4
3 764 10
4 764 0
5 764 7
6 764 3
7 764 4
0 765 3
1 765 5
2 765 4
3 765 10
4 765 3
5 765 5
6 765 0
7 765 3
0 766 3
1 766 0
2 766 4
3 766 11
4 766 0
5 766 6
6 766 3
7 766 3
0 767 3
1 767 0
2 767 4
3 767 11
4 767 0
5 767 5
6 767 3
7 767 5
0 768 3
1 768 0
2 768 3
3 768 10
4 768 0
5 768 7
6 768 4
7 768 4
0 769 3
1 769 3
2 769 4
3 769 10
4 769 3
5 769 5
6 769 4
7 769 5
0 770 3
1 770 4
2 770 3
3 770 10
4 770 5
5 770 5
6 770 5
7 770 6
0 771 3
1 771 5
2 771 4
3 771 10
4 771 4
5 771 7
6 771 4
7 771 5
0 772 4
1 772 6
2 772 5
3 772 10
4 772 4
5 772 7
6 772 7
7 772 6
0 773 5
1 773 6
2 773 6
3 773 10
4 773 3
5 773 7
6 773 6
7 773 6
0 774 5
1 774 7
2 774 6
3 774 9
4 774 4
5 774 7
6 774 6
7 774 6
0 775 5
1 775 7
2 775 6
3 775 9
4 775 4
5 775 7
6 775 7
7 775 6
0 776 8
1 776 7
2 776 5
3 776 8
4 776 5
5 776 7
6 776 5
7 776 7
0 777 6
1 777 7
2 777 6
3 777 8
4 777 5
5 777 7
6 777 6
7 777 6
0 778 6
1 778 4
2 778 5
3 778 7
4 778 3
5 778 7
6 778 7
7 778 7
0 779 4
1 779 7
2 779 4
3 779 7
4 779 4
5 779 7
6 779 7
7 779 5
0 780 4
1 780 7
2 780 5
3 780 9
4 780 3
5 780 7
6 780 7
7 780 6
0 781 3
1 781 7
2 781 6
3 781 9
4 781 4
5 781 7
6 781 7
7 781 6
0 782 5
1 782 7
2 782 6
3 782 9
4 782 4
5 782 7
6 782 6
7 782 4
0 783 4
1 783 7
2 783 5
3 783 10
4 783 5
5 783 7
6 783 4
7 783 3
0 784 5
1 784 7
2 784 3
3 784 10
4 784 6
5 784 7
6 784 0
7 784 3
0 785 0
1 785 7
2 785 4
3 785 10
4 785 4
5 785 7
6 785 0
7 785 4
0 786 4
1 786 6
2 786 3
3 786 10
4 786 3
5 786 8
6 786 0
7 786 3
0 787 0
1 787 4
2 787 3
3 787 10
4 787 4
5 787 7
6 787 0
7 787 3
0 788 0
1 788 4
2 788 0
3 788 11
4 788 5
5 788 6
6 788 0
7 788 3
0 789 0
1 789 6
2 789 0
3 789 11
4 789 5
5 789 6
6 789 0
7 789 0
0 790 0
1 790 5
2 790 0
3 790 11
4 790 4
5 790 8
6 790 0
7 790 0
0 791 0
1 791 6
2 791 0
3 791 11
4 791 6
5 791 8
6 791 0
7 791 0
0 792 0
1 792 6
2 792 0
3 792 11
4 792 6
5 792 7
6 792 3
7 792 3
0 793 0
1 793 7
2 793 0
3 793 11
4 793 6
5 793 6
6 793 3
7 793 4
0 794 0
1 794 5
2 794 0
3 794 9
4 794 5
5 794 5
6 794 4
7 794 4
0 795 0
1 795 5
2 795 0
3 795 8
4 795 4
5 795 5
6 795 6
7 795 5
0 796 3
1 796 5
2 796 4
3 796 8
4 796 5
5 796 6
6 796 3
7 796 4
0 797 4
1 797 7
2 797 5
3 797 7
4 797 3
5 797 6
6 797 3
7 797 4
0 798 4
1 798 8
2 798 5
3 798 7
4 798 4
5 798 7
6 798 3
7 798 5
0 799 5
1 799 8
2 799 4
3 799 6
4 799 4
5 799 6
6 799 3
7 799 4
0 800 5
1 800 6
2 800 4
3 800 7
4 800 5
5 800 6
6 800 3
7 800 5
0 801 6
1 801 5
2 801 3
3 801 9
4 801 3
5 801 5
6 801 3
7 801 5
0 802 4
1 802 5
2 802 4
3 802 8
4 802 0
5 802 7
6 802 3
7 802 3
0 803 4
1 803 3
2 803 4
3 803 9
4 803 3
5 803 6
6 803 3
7 803 3
0 804 4
1 804 3
2 804 4
3 804 9
4 804 0
5 804 6
6 804 3
7 804 4
0 805 4
1 805 3
2 805 4
3 805 9
4 805 0
5 805 8
6 805 3
7 805 5
0 806 4
1 806 0
2 806 4
3 806 11
4 806 0
5 806 7
6 806 3
7 806 4
0 807 4
1 807 0
2 807 4
3 807 11
4 807 3
5 807 6
6 807 3
7 807 4
0 808 4
1 808 3
2 808 4
3 808 11
4 808 3
5 808 5
6 808 4
7 808 4
0 809 4
1 809 4
2 809 4
3 809 11
4 809 3
5 809 6
6 809 3
7 809 5
0 810 4
1 810 3
2 810 3
3 810 10
4 810 4
5 810 4
6 810 3
7 810 7
0 811 3
1 811 4
2 811 5
3 811 11
4 811 3
5 811 3
6 811 3
7 811 5
0 812 5
1 812 5
2 812 5
3 812 10
4 812 3
5 812 6
6 812 8
7 812 8
0 813 0
1 813 5
2 813 5
3 813 10
4 813 6
5 813 7
6 813 7
7 813 7
0 814 3
1 814 6
2 814 5
3 814 10
4 814 5
5 814 7
6 814 6
7 814 8
0 815 4
1 815 6
2 815 5
3 815 9
4 815 5
5 815 8
6 815 8
7 815 7
0 816 6
1 816 8
2 816 7
3 816 8
4 816 8
5 816 8
6 816 8
7 816 8
0 817 7
1 817 8
2 817 7
3 817 9
4 817 4
5 817 8
6 817 8
7 817 6
0 818 8
1 818 7
2 818 6
3 818 8
4 818 5
5 818 7
6 818 7
7 818 7
0 819 8
1 819 7
2 819 5
3 819 9
4 819 7
5 819 7
6 819 7
7 819 7
0 820 6
1 820 7
2 820 6
3 820 8
4 820 5
5 820 7
6 820 7
7 820 6
0 821 6
1 821 5
2 821 6
3 821 7
4 821 6
5 821 7
6 821 7
7 821 6
0 822 4
1 822 7
2 822 5
3 822 8
4 822 6
5 822 7
6 822 6
7 822 6
0 823 6
1 823 7
2 823 5
3 823 9
4 823 6
5 823 7
6 823 5
7 823 5
0 824 4
1 824 6
2 824 5
3 824 9
4 824 6
5 824 7
6 824 4
7 824 3
0 825 4
1 825 7
2 825 4
3 825 10
4 825 5
5 825 7
6 825 3
7 825 3
0 826 0
1 826 6
2 826 0
3 826 10
4 826 5
5 826 7
6 826 0
7 826 0
0 827 0
1 827 5
2 827 3
3 827 11
4 827 5
5 827 7
6 827 0
7 827 4
0 828 0
1 828 5
2 828 3
3 828 11
4 828 5
5 828 5
6 828 0
7 828 0
0 829 0
1 829 5
2 829 3
3 829 11
4 829 3
5 829 5
6 829 0
7 829 0
0 830 0
1 830 5
2 830 0
3 830 11
4 830 4
5 830 5
6 830 0
7 830 0
0 831 0
1 831 6
2 831 0
3 831 11
4 831 4
5 831 6
6 831 3
7 831 0
0 832 0
1 832 6
2 832 0
3 832 10
4 832 4
5 832 6
6 832 3
7 832 3
0 833 0
1 833 4
2 833 0
3 833 10
4 833 5
5 833 7
6 833 3
7 833 4
0 834 0
1 834 7
2 834 0
3 834 8
4 834 4
5 834 7
6 834 5
7 834 5
0 835 3
1 835 7
2 835 0
3 835 8
4 835 4
5 835 8
6 835 5
7 835 4
0 836 0
1 836 5
2 836 3
3 836 8
4 836 5
5 836 7
6 836 4
7 836 4
0 837 3
1 837 6
2 837 3
3 837 8
4 837 5
5 837 7
6 837 3
7 837 6
0 838 4
1 838 5
2 838 4
3 838 6
4 838 6
5 838 5
6 838 3
7 838 7
0 839 4
1 839 7
2 839 4
3 839 6
4 839 5
5 839 6
6 839 3
7 839 4
0 840 5
1 840 7
2 840 5
3 840 7
4 840 4
5 840 7
6 840 4
7 840 4
0 841 5
1 841 5
2 841 4
3 841 8
4 841 3
5 841 6
6 841 3
7 841 5
0 842 4
1 842 5
2 842 3
3 842 10
4 842 6
5 842 5
6 842 0
7 842 5
0 843 3
1 843 4
2 843 3
3 843 9
4 843 5
5 843 6
6 843 3
7 843 3
0 844 4
1 844 3
2 844 4
3 844 9
4 844 3
5 844 8
6 844 3
7 844 5
0 845 3
1 845 3
2 845 3
3 845 9
4 845 0
5 845 7
6 845 3
7 845 4
0 846 4
1 846 0
2 846 4
3 846 10
4 846 0
5 846 7
6 846 3
7 846 3
0 847 4
1 847 3
2 847 4
3 847 10
4 847 0
5 847 8
6 847 0
7 847 4
0 848 4
1 848 0
2 848 5
3 848 11
4 848 0
5 848 7
6 848 3
7 848 5
0 849 3
1 849 0
2 849 4
3 849 11
4 849 0
5 849 7
6 849 0
7 849 5
0 850 3
1 850 4
2 850 3
3 850 11
4 850 4
5 850 5
6 850 3
7 850 5
0 851 3
1 851 0
2 851 3
3 851 11
4 851 3
5 851 5
6 851 5
7 851 4
0 852 3
1 852 6
2 852 3
3 852 10
4 852 3
5 852 7
6 852 5
7 852 6
0 853 4
1 853 6
2 853 3
3 853 10
4 853 4
5 853 7
6 853 4
7 853 7
0 854 3
1 854 7
2 854 5
3 854 10
4 854 4
5 854 7
6 854 8
7 854 8
0 855 5
1 855 7
2 855 6
3 855 10
4 855 5
5 855 8
6 855 8
7 855 8
0 856 6
1 856 8
2 856 7
3 856 9
4 856 4
5 856 8
6 856 8
7 856 7
0 857 8
1 857 8
2 857 7
3 857 9
4 857 6
5 857 8
6 857 8
7 857 6
0 858 8
1 858 6
2 858 7
3 858 9
4 858 3
5 858 7
6 858 7
7 858 6
0 859 8
1 859 7
2 859 7
3 859 9
4 859 3
5 859 7
6 859 6
7 859 6
0 860 7
1 860 6
2 860 6
3 860 8
4 860 4
5 860 7
6 860 7
7 860 6
0 861 6
1 861 3
2 861 6
3 861 8
4 861 3
5 861 7
6 861 7
7 861 6
0 862 6
1 862 3
2 862 6
3 862 7
4 862 3
5 862 7
6 862 7
7 862 6
0 863 6
1 863 5
2 863 5
3 863 9
4 863 3
5 863 7
6 863 7
7 863 7
0 864 6
1 864 7
2 864 5
3 864 10
4 864 3
5 864 7
6 864 6
7 864 6
0 865 6
1 865 6
2 865 6
3 865 10
4 865 5
5 865 7
6 865 5
7 865 3
0 866 4
1 866 6
2 866 4
3 866 10
4 866 4
5 866 8
6 866 0
7 866 4
0 867 0
1 867 5
2 867 0
3 867 10
4 867 6
5 867 8
6 867 0
7 867 5
0 868 4
1 868 4
2 868 4
3 868 10
4 868 5
5 868 5
6 868 0
7 868 4
0 869 3
1 869 3
2 869 0
3 869 10
4 869 4
5 869 7
6 869 0
7 869 3
0 870 3
1 870 3
2 870 3
3 870 9
4 870 4
5 870 6
6 870 0
7 870 3
0 871 3
1 871 4
2 871 3
3 871 11
4 871 5
5 871 6
6 871 0
7 871 3
0 872 0
1 872 7
2 872 0
3 872 11
4 872 6
5 872 7
6 872 0
7 872 3
0 873 0
1 873 7
2 873 0
3 873 11
4 873 4
5 873 7
6 873 0
7 873 0
0 874 0
1 874 6
2 874 0
3 874 10
4 874 3
5 874 6
6 874 0
7 874 3
0 875 0
1 875 7
2 875 0
3 875 11
4 875 6
5 875 7
6 875 3
7 875 3
0 876 0
1 876 5
2 876 0
3 876 8
4 876 5
5 876 5
6 876 5
7 876 4
0 877 0
1 877 3
2 877 0
3 877 8
4 877 5
5 877 5
6 877 5
7 877 6
0 878 3
1 878 6
2 878 3
3 878 8
4 878 5
5 878 7
6 878 4
7 878 4
0 879 3
1 879 4
2 879 4
3 879 6
4 879 6
5 879 5
6 879 4
7 879 6
0 880 6
1 880 7
2 880 6
3 880 6
4 880 5
5 880 7
6 880 3
7 880 4
0 881 4
1 881 6
2 881 5
3 881 6
4 881 5
5 881 7
6 881 4
7 881 4
0 882 5
1 882 6
2 882 4
3 882 7
4 882 6
5 882 7
6 882 0
7 882 4
0 883 5
1 883 5
2 883 4
3 883 8
4 883 5
5 883 6
6 883 3
7 883 4
0 884 3
1 884 6
2 884 3
3 884 9
4 884 3
5 884 7
6 884 3
7 884 3
0 885 3
1 885 5
2 885 4
3 885 9
4 885 3
5 885 6
6 885 3
7 885 6
0 886 4
1 886 4
2 886 4
3 886 9
4 886 0
5 886 7
6 886 3
7 886 4
0 887 4
1 887 4
2 887 4
3 887 10
4 887 3
5 887 6
6 887 3
7 887 3
0 888 4
1 888 5
2 888 4
3 888 10
4 888 4
5 888 7
6 888 3
7 888 6
0 889 4
1 889 5
2 889 3
3 889 11
4 889 0
5 889 7
6 889 3
7 889 3
0 890 4
1 890 3
2 890 4
3 890 11
4 890 0
5 890 6
6 890 3
7 890 6
0 891 3
1 891 3
2 891 3
3 891 10
4 891 4
5 891 5
6 891 3
7 891 6
0 892 3
1 892 3
2 892 4
3 892 9
4 892 4
5 892 6
6 892 4
7 892 4
0 893 3
1 893 3
2 893 3
3 893 10
4 893 4
5 893 7
6 893 5
7 893 7
0 894 4
1 894 5
2 894 3
3 894 10
4 894 3
5 894 7
6 894 4
7 894 7
0 895 4
1 895 6
2 895 6
3 895 10
4 895 4
5 895 7
6 895 8
7 895 7
0 896 5
1 896 7
2 896 6
3 896 10
4 896 5
5 896 7
6 896 8
7 896 8
0 897 4
1 897 4
2 897 6
3 897 9
4 897 5
5 897 8
6 897 8
7 897 7
0 898 8
1 898 4
2 898 7
3 898 10
4 898 5
5 898 6
6 898 8
7 898 6
0 899 8
1 899 5
2 899 7
3 899 8
4 899 5
5 899 7
6 899 8
7 899 6
0 900 8
1 900 4
2 900 7
3 900 8
4 900 4
5 900 6
6 900 7
7 900 7
0 901 8
1 901 5
2 901 5
3 901 9
4 901 3
5 901 7
6 901 7
7 901 7
0 902 6
1 902 5
2 902 4
3 902 8
4 902 3
5 902 7
6 902 7
7 902 6
0 903 6
1 903 4
2 903 4
3 903 9
4 903 3
5 903 6
6 903 7
7 903 7
0 904 5
1 904 4
2 904 6
3 904 9
4 904 4
5 904 7
6 904 6
7 904 5
0 905 4
1 905 3
2 905 6
3 905 8
4 905 4
5 905 7
6 905 4
7 905 4
0 906 5
1 906 5
2 906 4
3 906 9
4 906 4
5 906 7
6 906 5
7 906 4
0 907 3
1 907 7
2 907 5
3 907 10
4 907 6
5 907 7
6 907 3
7 907 5
0 908 4
1 908 7
2 908 3
3 908 10
4 908 5
5 908 8
6 908 0
7 908 3
0 909 0
1 909 6
2 909 4
3 909 10
4 909 4
5 909 8
6 909 0
7 909 3
0 910 3
1 910 3
2 910 4
3 910 11
4 910 3
5 910 7
6 910 0
7 910 5
0 911 3
1 911 6
2 911 4
3 911 11
4 911 5
5 911 8
6 911 0
7 911 4
0 912 3
1 912 4
2 912 4
3 912 11
4 912 4
5 912 7
6 912 0
7 912 0
0 913 0
1 913 4
2 913 0
3 913 11
4 913 4
5 913 8
6 913 0
7 913 0
0 914 0
1 914 6
2 914 0
3 914 11
4 914 6
5 914 7
6 914 3
7 914 3
0 915 0
1 915 4
2 915 0
3 915 11
4 915 6
5 915 6
6 915 0
7 915 4
0 916 0
1 916 5
2 916 0
3 916 10
4 916 5
5 916 6
6 916 4
7 916 5
0 917 0
1 917 8
2 917 0
3 917 8
4 917 7
5 917 6
6 917 4
7 917 4
0 918 0
1 918 6
2 918 3
3 918 8
4 918 7
5 918 6
6 918 5
7 918 4
0 919 4
1 919 6
2 919 4
3 919 8
4 919 7
5 919 6
6 919 5
7 919 5
0 920 5
1 920 5
2 920 5
3 920 7
4 920 6
5 920 7
6 920 3
7 920 5
0 921 5
1 921 7
2 921 5
3 921 7
4 921 6
5 921 7
6 921 3
7 921 5
0 922 4
1 922 5
2 922 4
3 922 8
4 922 4
5 922 6
6 922 0
7 922 3
0 923 4
1 923 7
2 923 5
3 923 8
4 923 4
5 923 6
6 923 0
7 923 3
0 924 3
1 924 7
2 924 3
3 924 9
4 924 3
5 924 6
6 924 4
7 924 4
0 925 0
1 925 6
2 925 3
3 925 9
4 925 3
5 925 7
6 925 0
7 925 5
0 926 3
1 926 4
2 926 3
3 926 9
4 926 4
5 926 6
6 926 3
7 926 4
0 927 3
1 927 5
2 927 4
3 927 8
4 927 3
5 927 6
6 927 3
7 927 3
0 928 3
1 928 5
2 928 4
3 928 9
4 928 4
5 928 6
6 928 3
7 928 4
0 929 3
1 929 4
2 929 5
3 929 9
4 929 3
5 929 7
6 929 3
7 929 3
0 930 3
1 930 3
2 930 4
3 930 11
4 930 3
5 930 6
6 930 3
7 930 3
0 931 3
1 931 4
2 931 5
3 931 11
4 931 3
5 931 4
6 931 0
7 931 4
0 932 3
1 932 3
2 932 5
3 932 11
4 932 0
5 932 7
6 932 3
7 932 4
0 933 4
1 933 3
2 933 4
3 933 11
4 933 3
5 933 6
6 933 4
7 933 5
0 934 3
1 934 4
2 934 4
3 934 11
4 934 5
5 934 6
6 934 6
7 934 7
0 935 3
1 935 3
2 935 4
3 935 10
4 935 5
5 935 7
6 935 4
7 935 5
0 936 5
1 936 6
2 936 7
3 936 10
4 936 5
5 936 7
6 936 7
7 936 7
0 937 3
1 937 7
2 937 4
3 937 10
4 937 3
5 937 7
6 937 7
7 937 8
0 938 4
1 938 7
2 938 6
3 938 10
4 938 5
5 938 7
6 938 8
7 938 7
0 939 5
1 939 3
2 939 5
3 939 9
4 939 5
5 939 7
6 939 8
7 939 5
0 940 8
1 940 5
2 940 7
3 940 8
4 940 5
5 940 5
6 940 7
7 940 7
0 941 8
1 941 4
2 941 7
3 941 8
4 941 4
5 941 6
6 941 7
7 941 7
0 942 7
1 942 4
2 942 6
3 942 8
4 942 5
5 942 6
6 942 7
7 942 7
0 943 6
1 943 4
2 943 6
3 943 8
4 943 4
5 943 6
6 943 7
7 943 7
0 944 4
1 944 6
2 944 3
3 944 8
4 944 4
5 944 7
6 944 4
7 944 7
0 945 5
1 945 7
2 945 5
3 945 8
4 945 5
5 945 7
6 945 7
7 945 5
0 946 3
1 946 4
2 946 5
3 946 8
4 946 6
5 946 7
6 946 4
7 946 5
0 947 3
1 947 5
2 947 5
3 947 8
4 947 6
5 947 7
6 947 6
7 947 6
0 948 6
1 948 6
2 948 6
3 948 9
4 948 6
5 948 8
6 948 0
7 948 3
0 949 5
1 949 7
2 949 5
3 949 9
4 949 6
5 949 7
6 949 0
7 949 4
0 950 0
1 950 6
2 950 3
3 950 10
4 950 5
5 950 8
6 950 0
7 950 4
0 951 0
1 951 4
2 951 3
3 951 10
4 951 6
5 951 7
6 951 0
7 951 3
0 952 0
1 952 5
2 952 0
3 952 10
4 952 7
5 952 8
6 952 0
7 952 3
0 953 0
1 953 7
2 953 0
3 953 10
4 953 4
5 953 8
6 953 0
7 953 0
0 954 0
1 954 6
2 954 0
3 954 11
4 954 5
5 954 7
6 954 3
7 954 3
0 955 0
1 955 7
2 955 0
3 955 11
4 955 7
5 955 5
6 955 3
7 955 0
0 956 0
1 956 5
2 956 0
3 956 10
4 956 4
5 956 5
6 956 4
7 956 4
0 957 0
1 957 4
2 957 0
3 957 10
4 957 3
5 957 5
6 957 4
7 957 4
0 958 0
1 958 4
2 958 0
3 958 9
4 958 7
5 958 5
6 958 5
7 958 5
0 959 0
1 959 4
2 959 3
3 959 9
4 959 7
5 959 7
6 959 5
7 959 4
0 960 3
1 960 7
2 960 4
3 960 7
4 960 6
5 960 8
6 960 5
7 960 6
0 961 5
1 961 7
2 961 4
3 961 7
4 961 7
5 961 6
6 961 4
7 961 7
0 962 4
1 962 7
2 962 5
3 962 6
4 962 6
5 962 5
6 962 6
7 962 6
0 963 4
1 963 7
2 963 5
3 963 7
4 963 5
5 963 6
6 963 3
7 963 7
0 964 5
1 964 6
2 964 4
3 964 8
4 964 5
5 964 6
6 964 3
7 964 7
0 965 4
1 965 6
2 965 4
3 965 8
4 965 3
5 965 7
6 965 3
7 965 5
0 966 4
1 966 8
2 966 4
3 966 9
4 966 5
5 966 7
6 966 3
7 966 5
0 967 4
1 967 5
2 967 3
3 967 9
4 967 4
5 967 7
6 967 3
7 967 4
0 968 4
1 968 3
2 968 3
3 968 9
4 968 4
5 968 6
6 968 0
7 968 5
0 969 4
1 969 3
2 969 4
3 969 9
4 969 3
5 969 6
6 969 0
7 969 5
0 970 4
1 970 3
2 970 4
3 970 10
4 970 4
5 970 5
6 970 3
7 970 4
0 971 4
1 971 4
2 971 3
3 971 10
4 971 3
5 971 7
6 971 3
7 971 4
0 972 4
1 972 4
2 972 4
3 972 11
4 972 3
5 972 5
6 972 3
7 972 5
0 973 4
1 973 4
2 973 4
3 973 11
4 973 3
5 973 5
6 973 3
7 973 5
0 974 3
1 974 3
2 974 5
3 974 11
4 974 3
5 974 7
6 974 0
7 974 3
0 975 4
1 975 3
2 975 5
3 975 11
4 975 3
5 975 6
6 975 3
7 975 3
0 976 5
1 976 4
2 976 5
3 976 11
4 976 4
5 976 6
6 976 3
7 976 4
0 977 3
1 977 5
2 977 4
3 977 10
4 977 7
5 977 7
6 977 4
7 977 5
0 978 0
1 978 6
2 978 5
3 978 9
4 978 3
5 978 7
6 978 8
7 978 6
0 979 3
1 979 7
2 979 5
3 979 9
4 979 10
5 979 8
6 979 8
7 979 8
0 980 9
1 980 8
2 980 6
3 980 8
4 980 7
5 980 8
6 980 8
7 980 8
0 981 8
1 981 8
2 981 7
3 981 8
4 981 5
5 981 8
6 981 8
7 981 7
0 982 8
1 982 6
2 982 7
3 982 8
4 982 7
5 982 7
6 982 8
7 982 6
0 983 8
1 983 6
2 983 6
3 983 7
4 983 7
5 983 7
6 983 8
7 983 7
0 984 7
1 984 6
2 984 6
3 984 7
4 984 5
5 984 7
6 984 7
7 984 6
0 985 6
1 985 4
2 985 6
3 985 7
4 985 6
5 985 7
6 985 7
7 985 6
0 986 6
1 986 4
2 986 5
3 986 8
4 986 4
5 986 7
6 986 7
7 986 6
0 987 5
1 987 7
2 987 5
3 987 8
4 987 4
5 987 7
6 987 5
7 987 4
0 988 5
1 988 6
2 988 5
3 988 9
4 988 4
5 988 7
6 988 5
7 988 3
0 989 4
1 989 6
2 989 6
3 989 8
4 989 7
5 989 7
6 989 3
7 989 3
0 990 4
1 990 7
2 990 4
3 990 10
4 990 7
5 990 8
6 990 0
7 990 4
0 991 0
1 991 6
2 991 3
3 991 10
4 991 3
5 991 9
6 991 0
7 991 4
0 992 0
1 992 7
2 992 3
3 992 10
4 992 3
5 992 6
6 992 0
7 992 4
0 993 0
1 993 4
2 993 3
3 993 10
4 993 3
5 993 6
6 993 0
7 993 3
0 994 0
1 994 5
2 994 3
3 994 11
4 994 4
5 994 6
6 994 0
7 994 3
0 995 0
1 995 4
2 995 0
3 995 11
4 995 4
5 995 8
6 995 0
7 995 3
0 996 0
1 996 5
2 996 0
3 996 11
4 996 5
5 996 8
6 996 0
7 996 3
0 997 0
1 997 4
2 997 0
3 997 11
4 997 3
5 997 7
6 997 0
7 997 3
0 998 0
1 998 6
2 998 0
3 998 11
4 998 5
5 998 6
6 998 0
7 998 4
0 999 0
1 999 7
2 999 0
3 999 11
4 999 5
5 999 5
6 999 3
7 999 4
0 1000 0
1 1000 4
2 1000 0
3 1000 9
4 1000 4
5 1000 4
6 1000 4
7 1000 6
0 1001 0
1 1001 4
2 1001 0
3 1001 9
4 1001 5
5 1001 5
6 1001 5
7 1001 5
0 1002 3
1 1002 4
2 1002 4
3 1002 9
4 1002 5
5 1002 4
6 1002 3
7 1002 5
0 1003 4
1 1003 6
2 1003 5
3 1003 7
4 1003 5
5 1003 5
6 1003 4
7 1003 6
0 1004 4
1 1004 6
2 1004 5
3 1004 8
4 1004 3
5 1004 7
6 1004 4
7 1004 7
0 1005 4
1 1005 7
2 1005 4
3 1005 9
4 1005 4
5 1005 6
6 1005 0
7 1005 7
0 1006 4
1 1006 6
2 1006 4
3 1006 10
4 1006 0
5 1006 7
6 1006 0
7 1006 6
0 1007 4
1 1007 5
2 1007 5
3 1007 9
4 1007 0
5 1007 6
6 1007 3
7 1007 6
0 1008 4
1 1008 3
2 1008 4
3 1008 10
4 1008 0
5 1008 5
6 1008 3
7 1008 4
0 1009 4
1 1009 4
2 1009 4
3 1009 10
4 1009 0
5 1009 5
6 1009 0
7 1009 4
0 1010 4
1 1010 3
2 1010 4
3 1010 10
4 1010 0
5 1010 5
6 1010 3
7 1010 3
0 1011 4
1 1011 3
2 1011 4
3 1011 11
4 1011 0
5 1011 5
6 1011 3
7 1011 3
0 1012 4
1 1012 3
2 1012 4
3 1012 11
4 1012 0
5 1012 4
6 1012 3
7 1012 3
0 1013 3
1 1013 3
2 1013 4
3 1013 11
4 1013 4
5 1013 5
6 1013 3
7 1013 5
0 1014 3
1 1014 4
2 1014 3
3 1014 10
4 1014 0
5 1014 4
6 1014 4
7 1014 3
0 1015 3
1 1015 3
2 1015 4
3 1015 10
4 1015 4
5 1015 4
6 1015 4
7 1015 6
0 1016 3
1 1016 3
2 1016 3
3 1016 10
4 1016 3
5 1016 6
6 1016 5
7 1016 6
0 1017 4
1 1017 4
2 1017 3
3 1017 10
4 1017 4
5 1017 7
6 1017 5
7 1017 6
0 1018 5
1 1018 4
2 1018 6
3 1018 10
4 1018 4
5 1018 7
6 1018 6
7 1018 7
0 1019 5
1 1019 4
2 1019 7
3 1019 10
4 1019 4
5 1019 7
6 1019 6
7 1019 8
0 1020 5
1 1020 7
2 1020 6
3 1020 9
4 1020 6
5 1020 8
6 1020 8
7 1020 8
0 1021 8
1 1021 7
2 1021 6
3 1021 9
4 1021 5
5 1021 7
6 1021 8
7 1021 6
0 1022 8
1 1022 7
2 1022 6
3 1022 8
4 1022 5
5 1022 6
6 1022 6
7 1022 5
0 1023 8
1 1023 8
2 1023 6
3 1023 8
4 1023 6
5 1023 7
6 1023 5
7 1023 6
